351 2
259 3
225 7
194 11
242 12
323 21
139 22
356 22
32 23
260 23
495 23
418 25
518 25
23 32
351 38
108 43
323 52
63 53
137 53
239 53
392 53
79 62
53 63
137 63
239 63
392 63
373 65
406 67
523 67
246 76
280 78
62 79
318 79
198 80
96 84
280 85
323 94
399 94
341 95
84 96
292 99
43 108
127 110
252 110
470 122
110 127
241 128
136 134
134 136
53 137
63 137
22 139
324 142
200 144
332 147
407 149
444 152
401 156
252 170
175 171
271 171
401 173
171 175
297 175
399 175
415 175
323 176
347 177
487 177
251 180
310 190
208 193
11 194
470 194
313 196
80 198
393 198
531 199
144 200
373 200
454 200
439 201
373 202
402 202
543 202
405 203
521 203
193 208
489 209
523 212
261 220
7 225
252 233
539 233
274 235
318 236
370 236
490 238
53 239
63 239
128 241
12 242
417 245
76 246
413 249
180 251
344 251
406 251
110 252
170 252
233 252
379 252
434 255
289 257
530 258
3 259
265 259
23 260
220 261
276 261
480 263
259 265
491 268
539 268
171 271
235 274
354 274
261 276
494 277
519 278
448 279
454 279
78 280
85 280
257 289
357 290
462 291
99 292
312 292
490 295
359 296
175 297
489 304
349 306
190 310
292 312
196 313
527 317
79 318
236 318
323 322
454 322
21 323
52 323
94 323
176 323
322 323
455 323
142 324
351 324
147 332
95 341
251 344
439 344
177 347
395 347
408 347
306 349
2 351
38 351
324 351
274 354
22 356
290 357
296 359
524 359
490 360
236 370
458 370
65 373
200 373
202 373
449 375
252 379
437 379
53 392
63 392
198 393
490 393
347 395
437 395
507 395
548 395
94 399
175 399
156 401
173 401
412 401
202 402
203 405
442 405
67 406
251 406
149 407
347 408
401 412
249 413
175 415
245 417
25 418
534 428
546 429
255 434
490 434
492 434
379 437
395 437
201 439
344 439
476 439
523 439
530 439
405 442
449 443
152 444
279 448
375 449
443 449
520 451
200 454
279 454
322 454
323 455
370 458
291 462
122 470
194 470
439 476
489 476
263 480
177 487
209 489
304 489
476 489
530 489
238 490
295 490
360 490
393 490
434 490
268 491
434 492
277 494
23 495
538 502
395 507
25 518
278 519
451 520
203 521
67 523
212 523
439 523
359 524
317 527
258 530
439 530
489 530
199 531
428 534
502 538
233 539
268 539
202 543
429 546
395 548
