351 2
259 3
225 7
902 7
1083 9
194 11
242 12
850 12
609 13
946 14
754 20
323 21
139 22
356 22
581 22
32 23
260 23
495 23
766 23
418 25
518 25
1083 25
754 26
581 31
23 32
581 33
682 35
351 38
1088 38
1066 40
108 43
1068 44
1054 45
1024 47
323 52
63 53
137 53
239 53
392 53
648 53
704 53
901 53
79 62
53 63
137 63
239 63
392 63
648 63
704 63
901 63
373 65
406 67
523 67
700 67
792 67
747 68
1018 73
1067 74
246 76
280 78
62 79
318 79
198 80
1024 80
96 84
280 85
747 85
860 85
773 87
1051 87
323 94
399 94
1054 94
341 95
807 95
84 96
1043 96
292 99
640 99
820 103
949 105
43 108
1024 109
127 110
252 110
757 115
807 121
470 122
588 125
110 127
241 128
1024 130
697 133
136 134
134 136
53 137
63 137
22 139
662 139
840 139
1056 139
678 141
324 142
200 144
755 144
594 146
728 146
1012 146
332 147
407 149
444 152
552 153
670 153
872 153
747 154
401 156
966 156
252 170
581 170
175 171
271 171
893 171
550 172
585 172
401 173
171 175
297 175
399 175
415 175
830 175
890 175
893 175
916 175
969 175
1076 175
323 176
731 176
853 176
1009 176
347 177
487 177
774 177
961 177
251 180
581 180
563 182
310 190
689 190
756 190
1018 190
895 191
208 193
11 194
470 194
624 194
811 194
1014 194
789 195
313 196
80 198
393 198
615 198
966 198
531 199
144 200
373 200
454 200
593 200
758 200
924 200
1087 200
439 201
650 201
747 201
808 201
1014 201
1054 201
373 202
402 202
543 202
665 202
751 202
807 202
929 202
966 202
405 203
521 203
815 204
664 205
193 208
1086 208
489 209
592 209
523 212
947 212
1028 212
1009 219
261 220
7 225
643 229
252 233
539 233
1068 233
274 235
318 236
370 236
759 236
807 237
966 237
490 238
563 238
53 239
63 239
128 241
12 242
417 245
924 245
76 246
758 246
413 249
180 251
344 251
406 251
659 251
744 251
995 251
1010 251
1081 251
110 252
170 252
233 252
379 252
570 252
712 252
823 252
1077 252
1093 252
1095 252
434 255
915 255
650 256
289 257
617 257
1038 257
1055 257
530 258
569 258
754 258
808 258
864 258
3 259
265 259
23 260
220 261
276 261
480 263
259 265
934 266
1083 267
491 268
539 268
171 271
1025 271
235 274
354 274
820 275
261 276
494 277
519 278
934 278
448 279
454 279
872 279
924 279
78 280
85 280
1090 280
756 284
922 285
257 289
617 289
357 290
462 291
99 292
312 292
490 295
359 296
827 296
175 297
1016 297
489 304
592 304
349 306
553 306
565 306
1041 309
1076 309
190 310
860 311
292 312
196 313
571 316
796 316
527 317
79 318
236 318
705 318
756 320
323 322
454 322
21 323
52 323
94 323
176 323
322 323
455 323
587 323
957 323
1090 323
142 324
351 324
636 326
935 327
1024 328
726 331
1092 331
147 332
579 339
885 339
95 341
251 344
439 344
177 347
395 347
408 347
619 347
668 347
306 349
755 349
2 351
38 351
324 351
1095 351
274 354
578 354
988 354
620 355
22 356
290 357
296 359
524 359
490 360
563 360
1024 361
1026 363
1085 363
919 364
236 370
458 370
696 370
903 370
65 373
200 373
202 373
449 375
252 379
437 379
716 379
965 379
756 380
1024 388
664 389
786 389
53 392
63 392
198 393
490 393
1024 393
347 395
437 395
507 395
548 395
879 396
988 398
94 399
175 399
893 399
1090 399
156 401
173 401
412 401
761 401
202 402
673 402
790 402
203 405
442 405
67 406
251 406
677 406
817 406
904 406
985 406
149 407
347 408
723 409
640 410
401 412
249 413
175 415
245 417
865 417
25 418
1061 418
650 427
830 427
534 428
839 428
1036 428
546 429
1024 431
754 433
255 434
490 434
492 434
860 435
614 436
379 437
395 437
756 437
201 439
344 439
476 439
523 439
530 439
605 439
876 439
1030 439
405 442
449 443
152 444
733 445
279 448
375 449
443 449
563 449
520 451
1024 451
768 453
1058 453
200 454
279 454
322 454
323 455
678 455
1054 455
756 456
370 458
918 461
291 462
868 462
1034 462
1075 462
579 463
885 463
122 470
194 470
439 476
489 476
592 476
747 476
679 479
263 480
703 481
641 483
177 487
676 488
209 489
304 489
476 489
530 489
744 489
1010 489
238 490
295 490
360 490
393 490
434 490
563 490
781 490
268 491
434 492
579 493
277 494
23 495
563 497
756 498
791 499
563 501
807 501
538 502
1024 504
650 505
395 507
772 508
816 508
650 509
850 509
703 515
25 518
278 519
451 520
557 520
755 520
203 521
67 523
212 523
439 523
808 523
1014 523
359 524
774 525
317 527
258 530
439 530
489 530
830 530
1088 530
199 531
1014 533
428 534
896 536
502 538
233 539
268 539
823 539
810 540
1014 541
202 543
773 544
429 546
395 548
687 548
172 550
585 550
601 551
678 551
153 552
306 553
952 553
706 554
759 554
1057 556
520 557
747 562
182 563
238 563
360 563
449 563
490 563
497 563
501 563
781 563
306 565
747 567
258 569
754 569
252 570
316 571
354 578
339 579
463 579
493 579
885 579
959 579
846 580
22 581
31 581
33 581
170 581
180 581
667 581
691 581
742 581
795 581
832 581
898 581
172 585
550 585
924 585
323 587
773 587
125 588
756 591
209 592
304 592
476 592
658 592
862 592
878 592
1034 592
1082 592
200 593
146 594
728 594
1009 596
855 598
989 598
551 601
439 605
827 608
13 609
436 614
691 614
198 615
1024 615
257 617
289 617
1038 617
1055 617
347 619
355 620
756 623
194 624
714 627
1083 633
974 635
326 636
99 640
410 640
483 641
229 643
1071 645
53 648
63 648
201 650
256 650
427 650
505 650
509 650
671 650
850 650
860 651
731 656
592 658
719 658
251 659
139 662
205 664
389 664
1026 664
202 665
581 667
347 668
153 670
650 671
402 673
488 676
731 676
406 677
141 678
455 678
551 678
691 678
706 678
861 678
1071 678
479 679
1064 680
35 682
815 682
768 685
548 687
190 689
830 690
581 691
614 691
678 691
706 691
773 691
370 696
903 696
133 697
965 698
795 699
67 700
747 700
481 703
515 703
53 704
63 704
318 705
554 706
678 706
691 706
796 706
945 706
906 707
1005 707
860 708
252 712
627 714
853 715
379 716
737 716
996 716
841 717
658 719
409 723
331 726
966 726
146 728
594 728
1012 728
176 731
656 731
676 731
874 731
1068 732
445 733
954 733
716 737
858 740
581 742
251 744
489 744
756 746
68 747
85 747
154 747
201 747
476 747
562 747
567 747
700 747
995 747
937 750
202 751
911 751
924 751
855 753
20 754
26 754
258 754
433 754
569 754
861 754
877 754
930 754
144 755
349 755
520 755
190 756
284 756
320 756
380 756
437 756
456 756
498 756
591 756
623 756
746 756
789 756
1014 756
115 757
200 758
246 758
958 758
236 759
554 759
796 759
401 761
23 766
453 768
685 768
508 772
87 773
544 773
587 773
691 773
1054 773
177 774
525 774
490 781
563 781
823 783
859 783
1093 783
389 786
839 788
195 789
756 789
402 790
499 791
67 792
833 794
581 795
699 795
871 795
985 795
316 796
706 796
759 796
940 798
95 807
121 807
202 807
237 807
501 807
825 807
975 807
201 808
258 808
523 808
540 810
194 811
204 815
682 815
934 815
508 816
406 817
103 820
275 820
252 823
539 823
783 823
807 825
296 827
608 827
830 827
175 830
427 830
530 830
690 830
827 830
581 832
794 833
927 833
971 833
882 836
1040 836
1058 837
428 839
788 839
139 840
717 841
905 841
1083 841
580 846
1009 849
12 850
509 850
650 850
176 853
715 853
598 855
753 855
740 858
783 859
85 860
311 860
435 860
651 860
708 860
914 860
972 860
678 861
754 861
592 862
258 864
417 865
462 868
795 871
153 872
279 872
731 874
439 876
754 877
592 878
396 879
836 882
339 885
463 885
579 885
175 890
988 891
171 893
175 893
399 893
916 893
969 893
1076 893
1054 894
191 895
536 896
1024 897
581 898
53 901
63 901
1011 901
7 902
370 903
696 903
406 904
841 905
707 906
751 911
860 914
255 915
175 916
893 916
461 918
364 919
285 922
200 924
245 924
279 924
585 924
751 924
833 927
202 929
754 930
1024 930
986 932
266 934
278 934
815 934
327 935
750 937
798 940
1040 942
706 945
14 946
212 947
105 949
553 952
733 954
323 957
758 958
579 959
177 961
379 965
698 965
156 966
198 966
202 966
237 966
726 966
1064 966
175 969
893 969
833 971
860 972
635 974
807 975
406 985
795 985
1056 985
932 986
354 988
398 988
891 988
598 989
251 995
747 995
716 996
707 1005
176 1009
219 1009
596 1009
849 1009
251 1010
489 1010
901 1011
1083 1011
146 1012
728 1012
194 1014
201 1014
523 1014
533 1014
541 1014
756 1014
297 1016
73 1018
190 1018
47 1024
80 1024
109 1024
130 1024
328 1024
361 1024
388 1024
393 1024
431 1024
451 1024
504 1024
615 1024
897 1024
930 1024
271 1025
363 1026
664 1026
212 1028
1034 1029
439 1030
462 1034
592 1034
1029 1034
428 1036
257 1038
617 1038
836 1040
942 1040
309 1041
96 1043
87 1051
45 1054
94 1054
201 1054
455 1054
773 1054
894 1054
1067 1054
257 1055
617 1055
139 1056
985 1056
556 1057
453 1058
837 1058
418 1061
680 1064
966 1064
40 1066
74 1067
1054 1067
44 1068
233 1068
732 1068
645 1071
678 1071
462 1075
175 1076
309 1076
893 1076
252 1077
251 1081
592 1082
9 1083
25 1083
267 1083
633 1083
841 1083
1011 1083
363 1085
208 1086
200 1087
38 1088
530 1088
280 1090
323 1090
399 1090
331 1092
252 1093
783 1093
252 1095
351 1095
