351 2
259 3
1297 5
225 7
902 7
1083 9
1316 9
194 11
242 12
850 12
609 13
946 14
1483 14
754 20
323 21
139 22
356 22
581 22
32 23
260 23
495 23
766 23
1218 23
1539 23
418 25
518 25
1083 25
1252 25
754 26
1166 26
1200 26
1127 27
1303 27
1242 28
1307 29
581 31
23 32
581 33
682 35
1392 37
351 38
1088 38
1180 38
1387 38
1066 40
1256 40
1352 42
108 43
1068 44
1369 44
1054 45
1613 45
1024 47
1460 50
323 52
1585 52
1613 52
63 53
137 53
239 53
392 53
648 53
704 53
901 53
1347 54
1260 60
79 62
1352 62
53 63
137 63
239 63
392 63
648 63
704 63
901 63
1230 63
373 65
1638 65
406 67
523 67
700 67
792 67
1490 67
747 68
1308 68
1585 70
1258 72
1018 73
1067 74
246 76
280 78
62 79
318 79
1167 79
1352 79
198 80
1024 80
96 84
280 85
747 85
860 85
773 87
1051 87
323 94
399 94
1054 94
1200 94
1613 94
341 95
807 95
84 96
1043 96
292 99
640 99
1469 102
820 103
1466 103
1179 104
949 105
43 108
1024 109
127 110
252 110
1513 113
757 115
1267 116
1608 117
1201 118
807 121
1220 121
1498 121
470 122
588 125
110 127
241 128
1024 130
1267 130
697 133
136 134
134 136
53 137
63 137
22 139
662 139
840 139
1056 139
678 141
324 142
200 144
755 144
1260 144
594 146
728 146
1012 146
332 147
1313 148
407 149
1137 151
444 152
1490 152
1604 152
552 153
670 153
872 153
1197 153
747 154
401 156
966 156
1630 156
1183 159
1243 167
1225 168
1613 168
252 170
581 170
175 171
271 171
893 171
1127 171
550 172
585 172
1116 172
1187 172
401 173
171 175
297 175
399 175
415 175
830 175
890 175
893 175
916 175
969 175
1076 175
1108 175
1215 175
1352 175
323 176
731 176
853 176
1009 176
1613 176
347 177
487 177
774 177
961 177
1511 177
1635 179
251 180
581 180
1194 181
563 182
1508 182
1394 185
310 190
689 190
756 190
1018 190
1359 190
1373 190
1587 190
895 191
1473 191
208 193
11 194
470 194
624 194
811 194
1014 194
1117 194
1226 194
1593 194
789 195
313 196
1373 196
80 198
393 198
615 198
966 198
1108 198
1291 198
1631 198
531 199
1522 199
144 200
373 200
454 200
593 200
758 200
924 200
1087 200
1104 200
1148 200
1280 200
1544 200
1561 200
439 201
650 201
747 201
808 201
1014 201
1054 201
1613 201
373 202
402 202
543 202
665 202
751 202
807 202
929 202
966 202
1367 202
1536 202
405 203
521 203
815 204
664 205
1160 205
1234 205
1471 205
1536 205
193 208
1086 208
489 209
592 209
1122 209
1400 210
523 212
947 212
1028 212
1227 212
1552 217
1009 219
261 220
1388 220
1536 220
1526 224
7 225
643 229
1347 230
1404 232
252 233
539 233
1068 233
274 235
318 236
370 236
759 236
1198 236
807 237
966 237
490 238
563 238
1254 238
1487 238
1508 238
53 239
63 239
128 241
1231 241
1345 241
12 242
1476 244
417 245
924 245
76 246
758 246
413 249
180 251
344 251
406 251
659 251
744 251
995 251
1010 251
1081 251
1151 251
1507 251
110 252
170 252
233 252
379 252
570 252
712 252
823 252
1077 252
1093 252
1095 252
1135 252
1162 252
1238 252
1512 252
1577 253
434 255
915 255
1282 255
650 256
1602 256
289 257
617 257
1038 257
1055 257
1171 257
1344 257
530 258
569 258
754 258
808 258
864 258
1193 258
1327 258
3 259
265 259
23 260
1630 260
220 261
276 261
1388 261
480 263
259 265
934 266
1103 266
1083 267
1144 267
1602 267
491 268
539 268
171 271
1025 271
1610 271
1439 272
235 274
354 274
1139 274
1363 274
1620 274
820 275
1466 275
261 276
494 277
519 278
934 278
448 279
454 279
872 279
924 279
78 280
85 280
1090 280
1640 280
756 284
922 285
257 289
617 289
357 290
462 291
99 292
312 292
490 295
1487 295
359 296
827 296
1572 296
175 297
1016 297
1187 301
1260 301
1522 303
489 304
592 304
1267 304
349 306
553 306
565 306
1171 306
1298 306
1300 306
1361 307
1485 307
1041 309
1076 309
1157 309
190 310
1513 310
860 311
292 312
1232 312
196 313
1297 314
571 316
796 316
1515 316
527 317
79 318
236 318
705 318
1262 318
1449 318
1478 318
1511 318
1541 318
756 320
323 322
454 322
21 323
52 323
94 323
176 323
322 323
455 323
587 323
957 323
1090 323
1141 323
1377 323
142 324
351 324
636 326
935 327
1024 328
1296 329
1574 330
726 331
1092 331
147 332
579 339
885 339
1457 340
95 341
1200 343
1613 343
251 344
439 344
1328 346
177 347
395 347
408 347
619 347
668 347
1183 347
1515 347
306 349
755 349
1602 349
1269 350
2 351
38 351
324 351
1095 351
1476 351
1478 351
274 354
578 354
988 354
1421 354
1606 354
620 355
22 356
290 357
296 359
524 359
1446 359
490 360
563 360
1487 360
1024 361
1264 361
1580 361
1026 363
1085 363
919 364
1491 365
1293 369
236 370
458 370
696 370
903 370
1145 370
1147 370
1443 370
1513 370
1550 370
1574 370
65 373
200 373
202 373
1260 373
1347 373
449 375
1254 375
252 379
437 379
716 379
965 379
756 380
1024 388
1124 388
664 389
786 389
53 392
63 392
198 393
490 393
1024 393
1513 394
347 395
437 395
507 395
548 395
879 396
1264 396
988 398
94 399
175 399
893 399
1090 399
156 401
173 401
412 401
761 401
1249 401
1308 401
1609 401
202 402
673 402
790 402
1474 402
1485 403
1538 403
1572 403
203 405
442 405
67 406
251 406
677 406
817 406
904 406
985 406
149 407
347 408
723 409
1327 409
640 410
401 412
249 413
1198 413
175 415
245 417
865 417
1298 417
1337 417
1340 417
25 418
1061 418
1197 418
1227 420
650 427
830 427
534 428
839 428
1036 428
1367 428
546 429
1024 431
1264 431
754 433
255 434
490 434
492 434
860 435
614 436
1438 436
379 437
395 437
756 437
1308 437
1310 437
1595 437
201 439
344 439
476 439
523 439
530 439
605 439
876 439
1030 439
1226 439
1560 439
405 442
1276 442
449 443
152 444
733 445
279 448
1187 448
375 449
443 449
563 449
1487 449
520 451
1024 451
1538 451
768 453
1058 453
200 454
279 454
322 454
1187 454
1260 454
323 455
678 455
1054 455
756 456
1373 456
1180 457
370 458
1512 458
918 461
1597 461
291 462
868 462
1034 462
1075 462
1128 462
1194 462
1560 462
579 463
885 463
1160 463
122 470
194 470
439 476
489 476
592 476
747 476
1387 476
1372 478
679 479
263 480
1296 480
703 481
641 483
177 487
1613 487
676 488
209 489
304 489
476 489
530 489
744 489
1010 489
1335 489
238 490
295 490
360 490
393 490
434 490
563 490
781 490
1108 490
1220 490
1487 490
268 491
1290 491
434 492
579 493
1307 493
277 494
1210 494
1314 494
23 495
563 497
1487 497
756 498
1366 498
1373 498
1391 498
1596 498
791 499
563 501
807 501
538 502
1337 502
1024 504
1580 504
650 505
395 507
1488 507
772 508
816 508
650 509
850 509
1642 509
703 515
25 518
278 519
451 520
557 520
755 520
1302 520
1487 520
1538 520
1625 520
203 521
67 523
212 523
439 523
808 523
1014 523
1513 523
359 524
774 525
317 527
1387 527
1613 528
258 530
439 530
489 530
830 530
1088 530
199 531
1522 531
1014 533
1602 533
1612 533
428 534
1401 534
896 536
1449 536
502 538
1128 538
233 539
268 539
823 539
1426 539
1486 539
810 540
1344 540
1014 541
1303 541
202 543
1350 543
773 544
429 546
1181 546
1401 546
395 548
687 548
172 550
585 550
1187 550
601 551
678 551
153 552
306 553
952 553
706 554
759 554
1592 555
1057 556
520 557
1538 557
1572 560
1236 561
747 562
182 563
238 563
360 563
449 563
490 563
497 563
501 563
781 563
1487 563
1508 563
306 565
1300 565
1513 565
1638 565
747 567
258 569
754 569
252 570
1238 570
316 571
1144 571
1189 571
1459 571
1347 572
1260 574
1145 576
1150 576
354 578
1243 578
339 579
463 579
493 579
885 579
959 579
1380 579
846 580
1276 580
22 581
31 581
33 581
170 581
180 581
667 581
691 581
742 581
795 581
832 581
898 581
1472 581
172 585
550 585
924 585
1275 585
323 587
773 587
125 588
756 591
209 592
304 592
476 592
658 592
862 592
878 592
1034 592
1082 592
1098 592
1128 592
1192 592
1309 592
1324 592
1335 592
200 593
1187 593
146 594
728 594
1562 595
1009 596
855 598
989 598
1183 599
1498 600
1610 600
551 601
1628 601
439 605
1562 606
827 608
1352 608
13 609
1175 611
436 614
691 614
198 615
1024 615
1252 615
1291 615
257 617
289 617
1038 617
1055 617
1322 617
347 619
355 620
756 623
1135 623
194 624
1250 624
1449 625
714 627
1515 627
1538 628
1613 628
1083 633
974 635
326 636
99 640
410 640
1502 640
483 641
229 643
1071 645
1515 645
53 648
63 648
201 650
256 650
427 650
505 650
509 650
671 650
850 650
1399 650
1424 650
860 651
1563 652
1547 654
731 656
592 658
719 658
251 659
1122 659
139 662
1122 662
1180 662
205 664
389 664
1026 664
1189 664
1518 664
202 665
581 667
347 668
153 670
1247 670
650 671
1410 672
402 673
488 676
731 676
406 677
1643 677
141 678
455 678
551 678
691 678
706 678
861 678
1071 678
1107 678
479 679
1580 679
1064 680
1343 680
35 682
815 682
1443 684
768 685
1250 686
548 687
190 689
830 690
1260 690
1487 690
1508 690
581 691
614 691
678 691
706 691
773 691
1602 691
1431 695
370 696
903 696
1145 696
1513 696
1574 696
133 697
965 698
1392 698
795 699
67 700
747 700
1485 700
481 703
515 703
1493 703
1539 703
53 704
63 704
318 705
554 706
678 706
691 706
796 706
945 706
1294 706
1355 706
1618 706
906 707
1005 707
860 708
1320 708
1278 709
1189 710
1302 710
252 712
1166 712
1465 713
627 714
1438 714
853 715
379 716
737 716
996 716
1316 716
841 717
658 719
1113 719
1421 719
1376 722
409 723
331 726
966 726
1113 726
1211 726
1513 726
146 728
594 728
1012 728
176 731
656 731
676 731
874 731
1068 732
445 733
954 733
716 737
1415 737
1098 738
858 740
1213 740
1573 740
581 742
251 744
489 744
1309 745
756 746
68 747
85 747
154 747
201 747
476 747
562 747
567 747
700 747
995 747
1136 747
1197 747
1227 747
1485 747
1507 747
1260 748
937 750
202 751
911 751
924 751
855 753
20 754
26 754
258 754
433 754
569 754
861 754
877 754
930 754
1152 754
144 755
349 755
520 755
1104 755
1280 755
190 756
284 756
320 756
380 756
437 756
456 756
498 756
591 756
623 756
746 756
789 756
1014 756
1133 756
1134 756
1181 756
1387 756
1437 756
1499 756
115 757
200 758
246 758
958 758
236 759
554 759
796 759
1631 759
401 761
23 766
1552 766
453 768
685 768
1515 771
508 772
87 773
544 773
587 773
691 773
1054 773
1454 773
177 774
525 774
1237 774
1345 774
1471 774
1583 775
490 781
563 781
823 783
859 783
1093 783
1547 783
1315 785
389 786
1219 786
1340 787
1560 787
1613 787
839 788
1613 788
195 789
756 789
402 790
499 791
1109 791
67 792
833 794
581 795
699 795
871 795
985 795
1250 795
316 796
706 796
759 796
940 798
1410 798
1187 799
1617 802
1098 804
1597 806
95 807
121 807
202 807
237 807
501 807
825 807
975 807
1117 807
1473 807
1564 807
1618 807
201 808
258 808
523 808
1349 809
540 810
1113 810
1489 810
194 811
204 815
682 815
934 815
1378 815
1562 815
1619 815
508 816
1511 816
1602 816
406 817
1373 817
1455 818
1613 819
103 820
275 820
1466 820
252 823
539 823
783 823
1180 823
807 825
296 827
608 827
830 827
1108 827
1163 827
1334 827
1352 827
1121 828
175 830
427 830
530 830
690 830
827 830
581 832
794 833
927 833
971 833
1118 833
1225 833
882 836
1040 836
1190 836
1250 836
1546 836
1058 837
1566 838
428 839
788 839
1401 839
139 840
1180 840
717 841
905 841
1083 841
1298 841
1633 841
580 846
1009 849
1538 849
12 850
509 850
650 850
176 853
715 853
1601 854
598 855
753 855
740 858
783 859
85 860
311 860
435 860
651 860
708 860
914 860
972 860
1203 860
1228 860
1244 860
1640 860
678 861
754 861
1166 861
1200 861
592 862
1387 862
258 864
1250 864
417 865
462 868
795 871
153 872
279 872
1260 872
1508 872
731 874
439 876
754 877
592 878
396 879
1171 879
836 882
1369 883
1509 883
339 885
463 885
579 885
1572 885
1579 885
175 890
988 891
1239 892
1500 892
171 893
175 893
399 893
916 893
969 893
1076 893
1215 893
1286 893
1352 893
1623 893
1054 894
1610 894
191 895
536 896
1024 897
1264 897
1573 897
581 898
53 901
63 901
1011 901
7 902
370 903
696 903
1145 903
1574 903
406 904
841 905
707 906
1128 908
1317 909
751 911
860 914
1513 914
1602 914
255 915
175 916
893 916
461 918
1597 918
364 919
1198 920
285 922
200 924
245 924
279 924
585 924
751 924
1187 924
833 927
202 929
754 930
1024 930
986 932
266 934
278 934
815 934
1458 934
327 935
1189 935
750 937
1286 937
1332 937
1375 937
1613 938
798 940
1205 940
1309 940
1502 940
1040 942
706 945
14 946
212 947
105 949
553 952
1164 952
1451 952
733 954
1334 955
1631 955
323 957
1189 957
1200 957
1613 957
758 958
1177 958
579 959
177 961
1144 962
379 965
698 965
156 966
198 966
202 966
237 966
726 966
1064 966
1570 966
1583 966
175 969
893 969
833 971
1118 971
860 972
635 974
807 975
406 985
795 985
1056 985
1470 985
932 986
354 988
398 988
891 988
1255 988
598 989
1154 989
1213 992
251 995
747 995
716 996
1237 996
707 1005
1158 1005
176 1009
219 1009
596 1009
849 1009
251 1010
489 1010
901 1011
1083 1011
1529 1011
146 1012
728 1012
194 1014
201 1014
523 1014
533 1014
541 1014
756 1014
1275 1014
1297 1014
1429 1014
297 1016
73 1018
190 1018
1180 1019
47 1024
80 1024
109 1024
130 1024
328 1024
361 1024
388 1024
393 1024
431 1024
451 1024
504 1024
615 1024
897 1024
930 1024
1108 1024
1124 1024
1219 1024
1264 1024
1282 1024
1291 1024
271 1025
1347 1025
1630 1025
363 1026
664 1026
1130 1026
1141 1026
1255 1026
212 1028
1034 1029
439 1030
1152 1032
462 1034
592 1034
1029 1034
1128 1034
1198 1035
428 1036
1369 1036
257 1038
617 1038
1498 1039
836 1040
942 1040
309 1041
1195 1041
1563 1041
96 1043
1502 1045
1562 1050
87 1051
45 1054
94 1054
201 1054
455 1054
773 1054
894 1054
1067 1054
1141 1054
1255 1054
1363 1054
1373 1054
1438 1054
1454 1054
1541 1054
1605 1054
257 1055
617 1055
139 1056
985 1056
1181 1056
1602 1056
556 1057
1179 1057
1490 1057
1604 1057
453 1058
837 1058
418 1061
1173 1061
1321 1063
680 1064
966 1064
1524 1064
40 1066
1337 1066
74 1067
1054 1067
1613 1067
44 1068
233 1068
732 1068
1226 1068
645 1071
678 1071
1515 1071
1187 1074
462 1075
1200 1075
175 1076
309 1076
893 1076
1123 1076
252 1077
251 1081
1122 1081
592 1082
1513 1082
9 1083
25 1083
267 1083
633 1083
841 1083
1011 1083
1305 1083
363 1085
1121 1085
1644 1085
208 1086
200 1087
1187 1087
1260 1087
38 1088
530 1088
1369 1088
1576 1088
280 1090
323 1090
399 1090
1200 1090
1545 1090
1189 1091
331 1092
252 1093
783 1093
1602 1093
252 1095
351 1095
1471 1097
1567 1097
592 1098
738 1098
804 1098
1398 1100
1313 1101
1538 1101
1638 1101
266 1103
200 1104
755 1104
1488 1105
678 1107
175 1108
198 1108
490 1108
827 1108
1024 1108
1264 1108
1487 1108
791 1109
719 1113
726 1113
810 1113
172 1116
194 1117
807 1117
833 1118
971 1118
1225 1118
1125 1119
1254 1119
1508 1119
1267 1120
828 1121
1085 1121
1574 1121
209 1122
659 1122
662 1122
1081 1122
1151 1122
1076 1123
388 1124
1024 1124
1219 1124
1119 1125
1508 1125
1297 1126
1465 1126
1485 1126
27 1127
171 1127
462 1128
538 1128
592 1128
908 1128
1034 1128
1026 1130
1144 1130
1585 1130
1613 1130
756 1133
756 1134
252 1135
623 1135
747 1136
151 1137
1215 1137
274 1139
323 1141
1026 1141
1054 1141
1225 1141
1267 1141
267 1144
571 1144
962 1144
1130 1144
1344 1144
1467 1144
1596 1144
370 1145
576 1145
696 1145
903 1145
1513 1145
1574 1145
370 1147
1387 1147
200 1148
1187 1148
576 1150
251 1151
1122 1151
754 1152
1032 1152
989 1154
309 1157
1005 1158
205 1160
463 1160
1232 1160
1267 1160
1380 1160
1638 1160
1187 1161
252 1162
1516 1162
827 1163
952 1164
1200 1165
26 1166
712 1166
861 1166
1218 1166
79 1167
1214 1167
1550 1168
257 1171
306 1171
879 1171
1298 1171
1061 1173
611 1175
958 1177
104 1179
1057 1179
1347 1179
1557 1179
38 1180
457 1180
662 1180
823 1180
840 1180
1019 1180
1262 1180
546 1181
756 1181
1056 1181
1200 1181
159 1183
347 1183
599 1183
1515 1183
172 1187
301 1187
448 1187
454 1187
550 1187
593 1187
799 1187
924 1187
1074 1187
1087 1187
1148 1187
1161 1187
1260 1187
1406 1187
1561 1187
1490 1188
1633 1188
571 1189
664 1189
710 1189
935 1189
957 1189
1091 1189
836 1190
1410 1191
592 1192
258 1193
181 1194
462 1194
1414 1194
1041 1195
153 1197
418 1197
747 1197
1485 1197
236 1198
413 1198
920 1198
1035 1198
26 1200
94 1200
343 1200
861 1200
957 1200
1075 1200
1090 1200
1165 1200
1181 1200
1275 1200
1327 1200
1467 1200
1605 1200
118 1201
860 1203
940 1205
494 1210
726 1211
740 1213
992 1213
1167 1214
175 1215
893 1215
1137 1215
23 1218
1166 1218
786 1219
1024 1219
1124 1219
121 1220
490 1220
1347 1220
1569 1220
168 1225
833 1225
1118 1225
1141 1225
1373 1225
1596 1225
194 1226
439 1226
1068 1226
212 1227
420 1227
747 1227
1307 1227
860 1228
63 1230
1260 1230
241 1231
1345 1231
312 1232
1160 1232
205 1234
1513 1234
561 1236
774 1237
996 1237
252 1238
570 1238
892 1239
1282 1239
1503 1239
1618 1239
28 1242
1643 1242
167 1243
578 1243
1500 1243
860 1244
1465 1246
670 1247
1361 1247
401 1249
624 1250
686 1250
795 1250
836 1250
864 1250
1347 1250
1486 1250
25 1252
615 1252
1328 1252
238 1254
375 1254
1119 1254
1297 1254
988 1255
1026 1255
1054 1255
40 1256
1538 1257
72 1258
60 1260
144 1260
301 1260
373 1260
454 1260
574 1260
690 1260
748 1260
872 1260
1087 1260
1187 1260
1230 1260
1280 1260
1544 1260
1528 1261
318 1262
1180 1262
361 1264
396 1264
431 1264
897 1264
1024 1264
1108 1264
1282 1264
116 1267
130 1267
304 1267
1120 1267
1141 1267
1160 1267
350 1269
1515 1269
585 1275
1014 1275
1200 1275
442 1276
580 1276
709 1278
200 1280
755 1280
1260 1280
1303 1281
255 1282
1024 1282
1239 1282
1264 1282
1580 1282
893 1286
937 1286
491 1290
198 1291
615 1291
1024 1291
369 1293
706 1294
329 1296
480 1296
5 1297
314 1297
1014 1297
1126 1297
1254 1297
1442 1297
306 1298
417 1298
841 1298
1171 1298
306 1300
565 1300
1638 1300
520 1302
710 1302
1538 1302
1638 1302
27 1303
541 1303
1281 1303
1083 1305
29 1307
493 1307
1227 1307
68 1308
401 1308
437 1308
1591 1308
592 1309
745 1309
940 1309
437 1310
1595 1310
148 1313
1101 1313
1587 1313
494 1314
785 1315
9 1316
716 1316
1502 1316
909 1317
708 1320
1063 1321
617 1322
592 1324
258 1327
409 1327
1200 1327
1585 1327
346 1328
1252 1328
1465 1330
937 1332
827 1334
955 1334
489 1335
592 1335
1490 1336
417 1337
502 1337
1066 1337
1417 1337
1548 1337
417 1340
787 1340
680 1343
257 1344
540 1344
1144 1344
241 1345
774 1345
1231 1345
54 1347
230 1347
373 1347
572 1347
1025 1347
1179 1347
1220 1347
1250 1347
1490 1347
809 1349
543 1350
42 1352
62 1352
79 1352
175 1352
608 1352
827 1352
893 1352
1596 1353
706 1355
1393 1356
190 1359
307 1361
1247 1361
274 1363
1054 1363
1513 1363
498 1366
202 1367
428 1367
44 1369
883 1369
1036 1369
1088 1369
478 1372
190 1373
196 1373
456 1373
498 1373
817 1373
1054 1373
1225 1373
937 1375
722 1376
1465 1376
1475 1376
1566 1376
323 1377
815 1378
579 1380
1160 1380
38 1387
476 1387
527 1387
756 1387
862 1387
1147 1387
220 1388
261 1388
1536 1388
498 1391
1419 1391
37 1392
698 1392
1501 1392
1630 1392
1356 1393
185 1394
1100 1398
650 1399
210 1400
534 1401
546 1401
839 1401
232 1404
1187 1406
672 1410
798 1410
1191 1410
1194 1414
1493 1414
737 1415
1337 1417
1391 1419
1594 1420
354 1421
719 1421
1638 1422
650 1424
539 1426
1610 1427
1014 1429
695 1431
756 1437
436 1438
714 1438
1054 1438
272 1439
1297 1442
370 1443
684 1443
1602 1444
359 1446
318 1449
536 1449
625 1449
952 1451
773 1454
1054 1454
818 1455
340 1457
934 1458
1480 1458
571 1459
50 1460
713 1465
1126 1465
1246 1465
1330 1465
1376 1465
103 1466
275 1466
820 1466
1144 1467
1200 1467
1585 1467
1613 1467
102 1469
985 1470
205 1471
774 1471
1097 1471
581 1472
191 1473
807 1473
1489 1473
402 1474
1376 1475
244 1476
351 1476
318 1478
351 1478
1458 1480
14 1483
307 1485
403 1485
700 1485
747 1485
1126 1485
1197 1485
1507 1485
539 1486
1250 1486
238 1487
295 1487
360 1487
449 1487
490 1487
497 1487
520 1487
563 1487
690 1487
1108 1487
1538 1487
507 1488
1105 1488
810 1489
1473 1489
67 1490
152 1490
1057 1490
1188 1490
1336 1490
1347 1490
365 1491
703 1493
1414 1493
121 1498
600 1498
1039 1498
1591 1498
756 1499
892 1500
1243 1500
1392 1501
640 1502
940 1502
1045 1502
1316 1502
1239 1503
251 1507
747 1507
1485 1507
182 1508
238 1508
563 1508
690 1508
872 1508
1119 1508
1125 1508
883 1509
177 1511
318 1511
816 1511
1613 1511
252 1512
458 1512
113 1513
310 1513
370 1513
394 1513
523 1513
565 1513
696 1513
726 1513
914 1513
1082 1513
1145 1513
1234 1513
1363 1513
1542 1513
1574 1513
316 1515
347 1515
627 1515
645 1515
771 1515
1071 1515
1183 1515
1269 1515
1162 1516
664 1518
199 1522
303 1522
531 1522
1064 1524
224 1526
1261 1528
1011 1529
1638 1534
202 1536
205 1536
220 1536
1388 1536
403 1538
451 1538
520 1538
557 1538
628 1538
849 1538
1101 1538
1257 1538
1302 1538
1487 1538
23 1539
703 1539
318 1541
1054 1541
1585 1541
1613 1541
1513 1542
200 1544
1260 1544
1090 1545
836 1546
654 1547
783 1547
1337 1548
370 1550
1168 1550
217 1552
766 1552
1179 1557
439 1560
462 1560
787 1560
200 1561
1187 1561
595 1562
606 1562
815 1562
1050 1562
652 1563
1041 1563
807 1564
838 1566
1376 1566
1621 1566
1097 1567
1220 1569
1604 1569
966 1570
296 1572
403 1572
560 1572
885 1572
740 1573
897 1573
330 1574
370 1574
696 1574
903 1574
1121 1574
1145 1574
1513 1574
1088 1576
253 1577
885 1579
361 1580
504 1580
679 1580
1282 1580
775 1583
966 1583
52 1585
70 1585
1130 1585
1327 1585
1467 1585
1541 1585
190 1587
1313 1587
1308 1591
1498 1591
555 1592
194 1593
1420 1594
437 1595
1310 1595
498 1596
1144 1596
1225 1596
1353 1596
461 1597
806 1597
918 1597
854 1601
256 1602
267 1602
349 1602
533 1602
691 1602
816 1602
914 1602
1056 1602
1093 1602
1444 1602
152 1604
1057 1604
1569 1604
1054 1605
1200 1605
1613 1605
354 1606
117 1608
401 1609
271 1610
600 1610
894 1610
1427 1610
533 1612
45 1613
52 1613
94 1613
168 1613
176 1613
201 1613
343 1613
487 1613
528 1613
628 1613
787 1613
788 1613
819 1613
938 1613
957 1613
1067 1613
1130 1613
1467 1613
1511 1613
1541 1613
1605 1613
802 1617
706 1618
807 1618
1239 1618
815 1619
274 1620
1566 1621
893 1623
520 1625
601 1628
156 1630
260 1630
1025 1630
1392 1630
198 1631
759 1631
955 1631
841 1633
1188 1633
179 1635
65 1638
565 1638
1101 1638
1160 1638
1300 1638
1302 1638
1422 1638
1534 1638
280 1640
860 1640
509 1642
677 1643
1242 1643
1085 1644
