351 2
259 3
1297 5
225 7
902 7
1083 9
1316 9
194 11
242 12
850 12
1722 12
609 13
1888 13
946 14
1483 14
2100 14
754 20
323 21
1661 21
139 22
356 22
581 22
1795 22
32 23
260 23
495 23
766 23
1218 23
1539 23
1996 23
2059 23
418 25
518 25
1083 25
1252 25
1833 25
754 26
1166 26
1200 26
1127 27
1303 27
1242 28
1307 29
581 31
1947 31
23 32
1947 32
581 33
1947 33
682 35
1392 37
351 38
1088 38
1180 38
1387 38
1066 40
1256 40
1352 42
108 43
1068 44
1369 44
1054 45
1613 45
1654 45
2115 45
2168 45
1024 47
1460 50
2108 51
323 52
1585 52
1613 52
63 53
137 53
239 53
392 53
648 53
704 53
901 53
1347 54
1690 54
1949 56
1260 60
79 62
1352 62
1924 62
53 63
137 63
239 63
392 63
648 63
704 63
901 63
1230 63
1993 63
373 65
1638 65
406 67
523 67
700 67
792 67
1490 67
1690 67
1761 67
747 68
1308 68
1753 69
2097 69
1585 70
1258 72
1018 73
1067 74
246 76
280 78
62 79
318 79
1167 79
1352 79
1924 79
2135 79
198 80
1024 80
96 84
280 85
747 85
860 85
773 87
1051 87
323 94
399 94
1054 94
1200 94
1613 94
341 95
807 95
84 96
1043 96
1653 97
292 99
640 99
1815 99
1469 102
820 103
1466 103
1179 104
949 105
2088 107
43 108
1024 109
127 110
252 110
1513 113
1857 114
1881 114
757 115
1964 115
1267 116
1869 116
1608 117
1795 117
1201 118
807 121
1220 121
1498 121
1653 121
470 122
588 125
1791 125
110 127
241 128
1024 130
1267 130
697 133
1675 133
1755 133
1931 133
136 134
1857 134
134 136
1955 136
53 137
63 137
1677 138
22 139
662 139
840 139
1056 139
1795 139
1814 139
678 141
324 142
1814 142
200 144
755 144
1260 144
1987 145
594 146
728 146
1012 146
1947 146
332 147
1313 148
407 149
1890 150
1137 151
444 152
1490 152
1604 152
1893 152
552 153
670 153
872 153
1197 153
1899 153
747 154
401 156
966 156
1630 156
1183 159
1752 161
2104 165
1243 167
1752 167
1225 168
1613 168
252 170
581 170
175 171
271 171
893 171
1127 171
1668 171
1942 171
550 172
585 172
1116 172
1187 172
401 173
1711 174
171 175
297 175
399 175
415 175
830 175
890 175
893 175
916 175
969 175
1076 175
1108 175
1215 175
1352 175
1862 175
1934 175
2094 175
323 176
731 176
853 176
1009 176
1613 176
1928 176
347 177
487 177
774 177
961 177
1511 177
1794 177
1802 177
2137 178
1635 179
251 180
581 180
1804 180
2006 180
1194 181
563 182
1508 182
1804 183
1394 185
310 190
689 190
756 190
1018 190
1359 190
1373 190
1587 190
1834 190
2022 190
895 191
1473 191
208 193
11 194
470 194
624 194
811 194
1014 194
1117 194
1226 194
1593 194
1676 194
1755 194
1805 194
1953 194
1980 194
2073 194
2166 194
789 195
313 196
1373 196
2010 196
80 198
393 198
615 198
966 198
1108 198
1291 198
1631 198
531 199
1522 199
144 200
373 200
454 200
593 200
758 200
924 200
1087 200
1104 200
1148 200
1280 200
1544 200
1561 200
1757 200
1809 200
1874 200
1917 200
2040 200
439 201
650 201
747 201
808 201
1014 201
1054 201
1613 201
373 202
402 202
543 202
665 202
751 202
807 202
929 202
966 202
1367 202
1536 202
1770 202
2113 202
2120 202
405 203
521 203
1846 203
2059 203
815 204
1788 204
664 205
1160 205
1234 205
1471 205
1536 205
1838 205
193 208
1086 208
489 209
592 209
1122 209
1400 210
523 212
947 212
1028 212
1227 212
2172 212
1702 216
2100 216
1552 217
1009 219
1660 219
261 220
1388 220
1536 220
1526 224
7 225
1704 227
643 229
1347 230
1804 230
1404 232
1700 232
1815 232
2052 232
252 233
539 233
1068 233
274 235
318 236
370 236
759 236
1198 236
807 237
966 237
490 238
563 238
1254 238
1487 238
1508 238
2059 238
53 239
63 239
128 241
1231 241
1345 241
12 242
1476 244
417 245
924 245
76 246
758 246
413 249
180 251
344 251
406 251
659 251
744 251
995 251
1010 251
1081 251
1151 251
1507 251
1814 251
1897 251
1975 251
2141 251
110 252
170 252
233 252
379 252
570 252
712 252
823 252
1077 252
1093 252
1095 252
1135 252
1162 252
1238 252
1512 252
1683 252
1755 252
1950 252
1577 253
1720 253
434 255
915 255
1282 255
650 256
1602 256
289 257
617 257
1038 257
1055 257
1171 257
1344 257
530 258
569 258
754 258
808 258
864 258
1193 258
1327 258
1755 258
2085 258
2102 258
2191 258
3 259
265 259
1645 259
1838 259
23 260
1630 260
220 261
276 261
1388 261
1953 261
480 263
259 265
934 266
1103 266
1083 267
1144 267
1602 267
491 268
539 268
171 271
1025 271
1610 271
2050 271
1439 272
2102 272
1713 273
235 274
354 274
1139 274
1363 274
1620 274
820 275
1466 275
261 276
494 277
519 278
934 278
448 279
454 279
872 279
924 279
1751 279
1874 279
78 280
85 280
1090 280
1640 280
1671 280
1743 282
1926 282
756 284
922 285
1794 286
1892 288
257 289
617 289
357 290
462 291
99 292
312 292
2024 292
1885 293
490 295
1487 295
2059 295
359 296
827 296
1572 296
175 297
1016 297
1187 301
1260 301
1522 303
489 304
592 304
1267 304
1846 304
349 306
553 306
565 306
1171 306
1298 306
1300 306
1912 306
2116 306
2145 306
1361 307
1485 307
1041 309
1076 309
1157 309
1670 309
190 310
1513 310
860 311
292 312
1232 312
1801 312
1939 312
196 313
1297 314
1867 314
1984 314
2173 314
571 316
796 316
1515 316
527 317
1901 317
79 318
236 318
705 318
1262 318
1449 318
1478 318
1511 318
1541 318
1924 318
756 320
323 322
454 322
1801 322
21 323
52 323
94 323
176 323
322 323
455 323
587 323
957 323
1090 323
1141 323
1377 323
142 324
351 324
1734 324
1772 324
1949 324
2039 324
636 326
935 327
1864 327
1024 328
1296 329
1574 330
726 331
1092 331
1801 331
147 332
2010 335
579 339
885 339
1661 339
1457 340
95 341
1200 343
1613 343
1869 343
2151 343
251 344
439 344
1328 346
177 347
395 347
408 347
619 347
668 347
1183 347
1515 347
306 349
755 349
1602 349
1751 349
1269 350
2 351
38 351
324 351
1095 351
1476 351
1478 351
1728 351
1812 351
2141 351
274 354
578 354
988 354
1421 354
1606 354
1727 354
1788 354
620 355
1672 355
22 356
1795 356
290 357
296 359
524 359
1446 359
490 360
563 360
1487 360
1024 361
1264 361
1580 361
1026 363
1085 363
919 364
1693 364
1491 365
1803 366
1293 369
236 370
458 370
696 370
903 370
1145 370
1147 370
1443 370
1513 370
1550 370
1574 370
1719 370
1792 370
1939 370
2141 371
65 373
200 373
202 373
1260 373
1347 373
1874 373
449 375
1254 375
2060 377
252 379
437 379
716 379
965 379
1947 379
2087 379
756 380
1877 380
1895 387
1024 388
1124 388
664 389
786 389
53 392
63 392
198 393
490 393
1024 393
1513 394
2168 394
347 395
437 395
507 395
548 395
1971 395
879 396
1264 396
988 398
94 399
175 399
893 399
1090 399
156 401
173 401
412 401
761 401
1249 401
1308 401
1609 401
1753 401
2118 401
202 402
673 402
790 402
1474 402
2163 402
1485 403
1538 403
1572 403
1955 403
203 405
442 405
1846 405
2059 405
67 406
251 406
677 406
817 406
904 406
985 406
2151 406
149 407
347 408
723 409
1327 409
640 410
401 412
249 413
1198 413
1646 413
175 415
245 417
865 417
1298 417
1337 417
1340 417
1668 417
25 418
1061 418
1197 418
2109 418
2190 418
1852 419
2166 419
1227 420
1959 420
1709 421
650 427
830 427
534 428
839 428
1036 428
1367 428
1863 428
546 429
1024 431
1264 431
754 433
255 434
490 434
492 434
1668 434
860 435
1726 435
614 436
1438 436
1659 436
2022 436
2185 436
379 437
395 437
756 437
1308 437
1310 437
1595 437
1733 437
201 439
344 439
476 439
523 439
530 439
605 439
876 439
1030 439
1226 439
1560 439
1690 439
1761 439
1791 439
1807 439
2013 439
2109 439
2169 439
405 442
1276 442
1846 442
2059 442
449 443
152 444
733 445
279 448
1187 448
2090 448
375 449
443 449
563 449
1487 449
1971 449
2087 450
520 451
1024 451
1538 451
2103 451
768 453
1058 453
200 454
279 454
322 454
1187 454
1260 454
2090 454
323 455
678 455
1054 455
756 456
1373 456
1180 457
370 458
1512 458
918 461
1597 461
291 462
868 462
1034 462
1075 462
1128 462
1194 462
1560 462
1931 462
579 463
885 463
1160 463
1661 463
1946 463
1801 464
122 470
194 470
1976 470
439 476
489 476
592 476
747 476
1387 476
1372 478
2141 478
679 479
1696 479
263 480
1296 480
703 481
641 483
177 487
1613 487
676 488
1906 488
1936 488
209 489
304 489
476 489
530 489
744 489
1010 489
1335 489
1755 489
1812 489
2013 489
2059 489
238 490
295 490
360 490
393 490
434 490
563 490
781 490
1108 490
1220 490
1487 490
2083 490
2145 490
268 491
1290 491
434 492
2083 492
579 493
1307 493
1796 493
277 494
1210 494
1314 494
2142 494
23 495
563 497
1487 497
756 498
1366 498
1373 498
1391 498
1596 498
791 499
1700 499
563 501
807 501
1682 501
538 502
1337 502
1024 504
1580 504
650 505
1716 506
395 507
1488 507
772 508
816 508
1668 508
650 509
850 509
1642 509
703 515
2168 517
25 518
1867 518
2096 518
2180 518
278 519
2091 519
451 520
557 520
755 520
1302 520
1487 520
1538 520
1625 520
2163 520
203 521
67 523
212 523
439 523
808 523
1014 523
1513 523
1723 523
359 524
1706 524
774 525
1824 525
1753 526
317 527
1387 527
1613 528
1803 529
258 530
439 530
489 530
830 530
1088 530
2041 530
199 531
1522 531
1742 532
1014 533
1602 533
1612 533
428 534
1401 534
1857 534
896 536
1449 536
1906 536
2191 536
502 538
1128 538
1982 538
233 539
268 539
823 539
1426 539
1486 539
1683 539
1709 539
1814 539
810 540
1344 540
1014 541
1303 541
202 543
1350 543
773 544
1720 544
1928 544
1720 545
429 546
1181 546
1401 546
395 548
687 548
172 550
585 550
1187 550
601 551
678 551
1711 551
153 552
306 553
952 553
2047 553
706 554
759 554
1592 555
2103 555
1057 556
520 557
1538 557
1572 560
1236 561
747 562
182 563
238 563
360 563
449 563
490 563
497 563
501 563
781 563
1487 563
1508 563
2083 563
306 565
1300 565
1513 565
1638 565
2116 565
747 567
258 569
754 569
2010 569
252 570
1238 570
1906 570
316 571
1144 571
1189 571
1459 571
1720 571
1347 572
1845 572
1260 574
1145 576
1150 576
1920 576
354 578
1243 578
1709 578
339 579
463 579
493 579
885 579
959 579
1380 579
1661 579
846 580
1276 580
1846 580
22 581
31 581
33 581
170 581
180 581
667 581
691 581
742 581
795 581
832 581
898 581
1472 581
1804 581
1812 581
1947 581
1964 581
2062 581
1653 583
172 585
550 585
924 585
1275 585
323 587
773 587
1928 587
125 588
756 591
209 592
304 592
476 592
658 592
862 592
878 592
1034 592
1082 592
1098 592
1128 592
1192 592
1309 592
1324 592
1335 592
1992 592
2109 592
200 593
1187 593
146 594
728 594
1562 595
1009 596
855 598
989 598
1183 599
1498 600
1610 600
551 601
1628 601
1942 601
2052 601
2139 601
2160 601
2191 601
439 605
1690 605
1562 606
827 608
1352 608
13 609
1888 609
2101 609
2107 609
2014 610
1175 611
436 614
691 614
1659 614
198 615
1024 615
1252 615
1291 615
257 617
289 617
1038 617
1055 617
1322 617
1682 617
347 619
355 620
756 623
1135 623
1752 623
1980 623
194 624
1250 624
1449 625
2052 626
714 627
1515 627
1538 628
1613 628
1668 628
1083 633
2166 633
974 635
1720 635
1775 635
326 636
1736 638
1836 639
99 640
410 640
1502 640
483 641
229 643
1071 645
1515 645
53 648
63 648
201 650
256 650
427 650
505 650
509 650
671 650
850 650
1399 650
1424 650
860 651
1653 651
1563 652
2071 652
2128 652
1547 654
1788 655
731 656
592 658
719 658
251 659
1122 659
1734 659
2081 659
139 662
1122 662
1180 662
1716 662
205 664
389 664
1026 664
1189 664
1518 664
1654 664
202 665
1806 666
581 667
1947 667
347 668
153 670
1247 670
650 671
2105 671
1410 672
402 673
1654 675
488 676
731 676
406 677
1643 677
141 678
455 678
551 678
691 678
706 678
861 678
1071 678
1107 678
1646 678
479 679
1580 679
2181 679
1064 680
1343 680
1912 680
35 682
815 682
1443 684
768 685
1250 686
2168 686
548 687
1677 688
190 689
830 690
1260 690
1487 690
1508 690
1682 690
1874 690
2090 690
581 691
614 691
678 691
706 691
773 691
1602 691
1770 691
1795 691
1431 695
370 696
903 696
1145 696
1513 696
1574 696
1719 696
1792 696
133 697
965 698
1392 698
795 699
67 700
747 700
1485 700
2081 700
481 703
515 703
1493 703
1539 703
1794 703
53 704
63 704
318 705
554 706
678 706
691 706
796 706
945 706
1294 706
1355 706
1618 706
1648 706
1722 706
2186 706
906 707
1005 707
860 708
1320 708
1278 709
2164 709
1189 710
1302 710
2117 710
252 712
1166 712
1465 713
627 714
1438 714
853 715
379 716
737 716
996 716
1316 716
1784 716
841 717
658 719
1113 719
1421 719
1376 722
1840 722
409 723
1711 723
1740 723
1836 723
2129 723
1791 724
331 726
966 726
1113 726
1211 726
1513 726
146 728
594 728
1012 728
176 731
656 731
676 731
874 731
1068 732
445 733
954 733
716 737
1415 737
1098 738
1709 738
858 740
1213 740
1573 740
1921 740
581 742
251 744
489 744
1309 745
756 746
1980 746
68 747
85 747
154 747
201 747
476 747
562 747
567 747
700 747
995 747
1136 747
1197 747
1227 747
1485 747
1507 747
1728 747
1959 747
2013 747
2041 747
2062 747
2148 747
1260 748
937 750
202 751
911 751
924 751
855 753
20 754
26 754
258 754
433 754
569 754
861 754
877 754
930 754
1152 754
1903 754
144 755
349 755
520 755
1104 755
1280 755
1809 755
190 756
284 756
320 756
380 756
437 756
456 756
498 756
591 756
623 756
746 756
789 756
1014 756
1133 756
1134 756
1181 756
1387 756
1437 756
1499 756
1654 756
1721 756
1770 756
1791 756
1834 756
1869 756
1877 756
1925 756
1985 756
2151 756
115 757
200 758
246 758
958 758
236 759
554 759
796 759
1631 759
401 761
23 766
1552 766
1661 767
453 768
685 768
1515 771
508 772
87 773
544 773
587 773
691 773
1054 773
1454 773
1854 773
1928 773
177 774
525 774
1237 774
1345 774
1471 774
1742 774
1583 775
490 781
563 781
823 783
859 783
1093 783
1547 783
1662 783
2093 783
2182 783
2191 783
1852 784
1315 785
389 786
1219 786
1654 786
1340 787
1560 787
1613 787
1682 787
839 788
1613 788
1986 788
2148 788
195 789
756 789
1834 789
1877 789
1923 789
402 790
499 791
1109 791
67 792
833 794
1856 794
581 795
699 795
871 795
985 795
1250 795
1720 795
1947 795
2039 795
316 796
706 796
759 796
1720 796
940 798
1410 798
1648 798
1187 799
2090 799
1617 802
1098 804
1755 804
1897 804
1974 804
2119 804
2120 804
1597 806
95 807
121 807
202 807
237 807
501 807
825 807
975 807
1117 807
1473 807
1564 807
1618 807
201 808
258 808
523 808
1811 808
1834 808
1884 808
1349 809
540 810
1113 810
1489 810
194 811
2166 814
204 815
682 815
934 815
1378 815
1562 815
1619 815
2062 815
508 816
1511 816
1602 816
406 817
1373 817
1834 817
2102 817
1455 818
1613 819
103 820
275 820
1466 820
1654 821
1704 822
1899 822
252 823
539 823
783 823
1180 823
1709 824
807 825
2010 826
296 827
608 827
830 827
1108 827
1163 827
1334 827
1352 827
1704 827
2066 827
1121 828
175 830
427 830
530 830
690 830
827 830
1801 830
2160 830
581 832
794 833
927 833
971 833
1118 833
1225 833
1856 833
882 836
1040 836
1190 836
1250 836
1546 836
1673 836
2137 836
1058 837
1566 838
428 839
788 839
1401 839
1857 839
139 840
1180 840
717 841
905 841
1083 841
1298 841
1633 841
1668 841
1770 841
2161 841
2143 845
580 846
1846 846
1009 849
1538 849
12 850
509 850
650 850
176 853
715 853
1601 854
598 855
753 855
740 858
783 859
85 860
311 860
435 860
651 860
708 860
914 860
972 860
1203 860
1228 860
1244 860
1640 860
1746 860
1919 860
1960 860
678 861
754 861
1166 861
1200 861
592 862
1387 862
1906 862
1947 862
258 864
1250 864
417 865
2011 866
462 868
1894 869
795 871
153 872
279 872
1260 872
1508 872
1682 872
1801 872
1874 872
2090 872
1693 873
731 874
439 876
1930 876
754 877
592 878
1947 878
396 879
1171 879
1797 881
836 882
1994 882
1369 883
1509 883
339 885
463 885
579 885
1572 885
1579 885
1661 885
1821 885
1854 885
175 890
988 891
1239 892
1500 892
171 893
175 893
399 893
916 893
969 893
1076 893
1215 893
1286 893
1352 893
1623 893
1715 893
1862 893
1877 893
2026 893
2103 893
1054 894
1610 894
191 895
536 896
1024 897
1264 897
1573 897
581 898
53 901
63 901
1011 901
1848 901
7 902
370 903
696 903
1145 903
1574 903
406 904
841 905
707 906
1128 908
1317 909
751 911
1874 911
2090 911
2006 912
2166 912
860 914
1513 914
1602 914
255 915
175 916
893 916
1934 916
2066 916
461 918
1597 918
364 919
2062 919
1198 920
1874 921
285 922
200 924
245 924
279 924
585 924
751 924
1187 924
1762 924
2090 924
1833 926
833 927
202 929
1770 929
754 930
1024 930
986 932
266 934
278 934
815 934
1458 934
1738 934
1923 934
327 935
1189 935
1665 936
750 937
1286 937
1332 937
1375 937
1613 938
798 940
1205 940
1309 940
1502 940
1711 940
2061 940
2084 940
1040 942
2180 943
2166 944
706 945
14 946
212 947
105 949
553 952
1164 952
1451 952
1989 952
2137 952
733 954
1876 954
1334 955
1631 955
323 957
1189 957
1200 957
1613 957
758 958
1177 958
579 959
1796 959
177 961
1144 962
379 965
698 965
156 966
198 966
202 966
237 966
726 966
1064 966
1570 966
1583 966
1665 966
1738 966
1754 966
175 969
893 969
833 971
1118 971
860 972
635 974
1720 974
1722 974
807 975
406 985
795 985
1056 985
1470 985
932 986
354 988
398 988
891 988
1255 988
1794 988
598 989
1154 989
1213 992
1950 992
251 995
747 995
716 996
1237 996
2090 1002
1677 1004
707 1005
1158 1005
1691 1005
1983 1005
176 1009
219 1009
596 1009
849 1009
1646 1009
251 1010
489 1010
1947 1010
2039 1010
901 1011
1083 1011
1529 1011
1672 1011
1984 1011
146 1012
728 1012
1949 1012
194 1014
201 1014
523 1014
533 1014
541 1014
756 1014
1275 1014
1297 1014
1429 1014
1799 1014
1826 1014
1834 1014
1877 1014
1976 1014
2109 1014
297 1016
2014 1017
73 1018
190 1018
1852 1018
1942 1018
1180 1019
1879 1022
47 1024
80 1024
109 1024
130 1024
328 1024
361 1024
388 1024
393 1024
431 1024
451 1024
504 1024
615 1024
897 1024
930 1024
1108 1024
1124 1024
1219 1024
1264 1024
1282 1024
1291 1024
1663 1024
1777 1024
1783 1024
1903 1024
271 1025
1347 1025
1630 1025
363 1026
664 1026
1130 1026
1141 1026
1255 1026
212 1028
1034 1029
439 1030
1992 1031
1152 1032
462 1034
592 1034
1029 1034
1128 1034
1765 1034
1198 1035
428 1036
1369 1036
1748 1036
257 1038
617 1038
1498 1039
836 1040
942 1040
1850 1040
1876 1040
309 1041
1195 1041
1563 1041
2014 1041
96 1043
2071 1043
1502 1045
1562 1050
87 1051
2088 1051
2093 1051
45 1054
94 1054
201 1054
455 1054
773 1054
894 1054
1067 1054
1141 1054
1255 1054
1363 1054
1373 1054
1438 1054
1454 1054
1541 1054
1605 1054
1900 1054
1928 1054
2057 1054
2183 1054
257 1055
617 1055
139 1056
985 1056
1181 1056
1602 1056
1878 1056
556 1057
1179 1057
1490 1057
1604 1057
1665 1057
453 1058
837 1058
418 1061
1173 1061
1321 1063
680 1064
966 1064
1524 1064
40 1066
1337 1066
1874 1066
74 1067
1054 1067
1613 1067
2026 1067
44 1068
233 1068
732 1068
1226 1068
1662 1068
1683 1068
1693 1070
645 1071
678 1071
1515 1071
1187 1074
462 1075
1200 1075
2061 1075
175 1076
309 1076
893 1076
1123 1076
2171 1076
252 1077
1947 1077
1795 1078
251 1081
1122 1081
1716 1081
1949 1081
592 1082
1513 1082
1650 1082
9 1083
25 1083
267 1083
633 1083
841 1083
1011 1083
1305 1083
1761 1083
1824 1083
1980 1083
2102 1083
363 1085
1121 1085
1644 1085
1757 1085
2016 1085
2038 1085
2177 1085
208 1086
200 1087
1187 1087
1260 1087
1874 1087
38 1088
530 1088
1369 1088
1576 1088
2059 1088
2014 1089
280 1090
323 1090
399 1090
1200 1090
1545 1090
1189 1091
331 1092
1947 1092
2031 1092
252 1093
783 1093
1602 1093
252 1095
351 1095
1906 1095
2087 1095
1471 1097
1567 1097
1742 1097
1871 1097
1988 1097
592 1098
738 1098
804 1098
1398 1100
1313 1101
1538 1101
1638 1101
266 1103
200 1104
755 1104
1488 1105
1840 1105
678 1107
175 1108
198 1108
490 1108
827 1108
1024 1108
1264 1108
1487 1108
791 1109
719 1113
726 1113
810 1113
172 1116
194 1117
807 1117
833 1118
971 1118
1225 1118
1856 1118
1125 1119
1254 1119
1508 1119
1267 1120
828 1121
1085 1121
1574 1121
2151 1121
209 1122
659 1122
662 1122
1081 1122
1151 1122
1760 1122
1076 1123
2171 1123
388 1124
1024 1124
1219 1124
1119 1125
1508 1125
1297 1126
1465 1126
1485 1126
1939 1126
27 1127
171 1127
462 1128
538 1128
592 1128
908 1128
1034 1128
1671 1128
2116 1128
1026 1130
1144 1130
1585 1130
1613 1130
756 1133
756 1134
252 1135
623 1135
2087 1135
747 1136
151 1137
1215 1137
274 1139
323 1141
1026 1141
1054 1141
1225 1141
1267 1141
267 1144
571 1144
962 1144
1130 1144
1344 1144
1467 1144
1596 1144
1709 1144
1765 1144
1781 1144
370 1145
576 1145
696 1145
903 1145
1513 1145
1574 1145
1719 1145
1792 1145
1920 1145
370 1147
1387 1147
1803 1147
200 1148
1187 1148
2090 1148
576 1150
1912 1150
1920 1150
251 1151
1122 1151
1949 1151
754 1152
1032 1152
989 1154
309 1157
1005 1158
205 1160
463 1160
1232 1160
1267 1160
1380 1160
1638 1160
1946 1160
1187 1161
252 1162
1516 1162
2059 1162
827 1163
952 1164
1200 1165
26 1166
712 1166
861 1166
1218 1166
1976 1166
2157 1166
79 1167
1214 1167
1924 1167
1955 1167
2014 1167
1550 1168
257 1171
306 1171
879 1171
1298 1171
2145 1171
1061 1173
1799 1174
611 1175
958 1177
104 1179
1057 1179
1347 1179
1557 1179
38 1180
457 1180
662 1180
823 1180
840 1180
1019 1180
1262 1180
2059 1180
546 1181
756 1181
1056 1181
1200 1181
1676 1181
1887 1181
159 1183
347 1183
599 1183
1515 1183
172 1187
301 1187
448 1187
454 1187
550 1187
593 1187
799 1187
924 1187
1074 1187
1087 1187
1148 1187
1161 1187
1260 1187
1406 1187
1561 1187
1647 1187
1917 1187
1945 1187
1490 1188
1633 1188
571 1189
664 1189
710 1189
935 1189
957 1189
1091 1189
1766 1189
836 1190
1410 1191
592 1192
2010 1192
258 1193
181 1194
462 1194
1414 1194
2129 1194
1041 1195
153 1197
418 1197
747 1197
1485 1197
1704 1197
236 1198
413 1198
920 1198
1035 1198
1775 1198
26 1200
94 1200
343 1200
861 1200
957 1200
1075 1200
1090 1200
1165 1200
1181 1200
1275 1200
1327 1200
1467 1200
1605 1200
1823 1200
2097 1200
118 1201
2014 1201
860 1203
2022 1204
940 1205
1803 1205
1912 1206
494 1210
726 1211
740 1213
992 1213
1167 1214
1893 1214
175 1215
893 1215
1137 1215
1942 1215
23 1218
1166 1218
786 1219
1024 1219
1124 1219
121 1220
490 1220
1347 1220
1569 1220
1883 1220
168 1225
833 1225
1118 1225
1141 1225
1373 1225
1596 1225
1856 1225
1864 1225
194 1226
439 1226
1068 1226
1852 1226
212 1227
420 1227
747 1227
1307 1227
2010 1227
860 1228
63 1230
1260 1230
241 1231
1345 1231
2081 1231
312 1232
1160 1232
2182 1232
205 1234
1513 1234
561 1236
774 1237
996 1237
252 1238
570 1238
1906 1238
892 1239
1282 1239
1503 1239
1618 1239
1971 1239
2099 1239
1925 1240
28 1242
1643 1242
167 1243
578 1243
1500 1243
1954 1243
2069 1243
860 1244
2017 1244
1465 1246
670 1247
1361 1247
401 1249
624 1250
686 1250
795 1250
836 1250
864 1250
1347 1250
1486 1250
1810 1250
1858 1251
25 1252
615 1252
1328 1252
1912 1252
238 1254
375 1254
1119 1254
1297 1254
988 1255
1026 1255
1054 1255
40 1256
1538 1257
72 1258
1711 1259
60 1260
144 1260
301 1260
373 1260
454 1260
574 1260
690 1260
748 1260
872 1260
1087 1260
1187 1260
1230 1260
1280 1260
1544 1260
1647 1260
1663 1260
1751 1260
1848 1260
1917 1260
1945 1260
2040 1260
1528 1261
2117 1261
318 1262
1180 1262
361 1264
396 1264
431 1264
897 1264
1024 1264
1108 1264
1282 1264
1663 1264
1777 1264
1783 1264
116 1267
130 1267
304 1267
1120 1267
1141 1267
1160 1267
2014 1267
1713 1268
350 1269
1515 1269
585 1275
1014 1275
1200 1275
1654 1275
1770 1275
442 1276
580 1276
1846 1276
2059 1276
709 1278
2164 1278
200 1280
755 1280
1260 1280
1303 1281
2168 1281
255 1282
1024 1282
1239 1282
1264 1282
1580 1282
2117 1282
893 1286
937 1286
491 1290
198 1291
615 1291
1024 1291
369 1293
2022 1293
706 1294
1905 1295
1949 1295
329 1296
480 1296
5 1297
314 1297
1014 1297
1126 1297
1254 1297
1442 1297
1690 1297
1693 1297
306 1298
417 1298
841 1298
1171 1298
306 1300
565 1300
1638 1300
520 1302
710 1302
1538 1302
1638 1302
1660 1302
1735 1302
27 1303
541 1303
1281 1303
1834 1303
1083 1305
29 1307
493 1307
1227 1307
1752 1307
68 1308
401 1308
437 1308
1591 1308
592 1309
745 1309
940 1309
437 1310
1595 1310
148 1313
1101 1313
1587 1313
1895 1313
2066 1313
494 1314
785 1315
9 1316
716 1316
1502 1316
909 1317
708 1320
1063 1321
617 1322
1831 1322
1830 1323
592 1324
258 1327
409 1327
1200 1327
1585 1327
346 1328
1252 1328
1465 1330
2087 1331
937 1332
827 1334
955 1334
489 1335
592 1335
1490 1336
417 1337
502 1337
1066 1337
1417 1337
1548 1337
2128 1337
417 1340
787 1340
1658 1340
1938 1340
680 1343
257 1344
540 1344
1144 1344
241 1345
774 1345
1231 1345
54 1347
230 1347
373 1347
572 1347
1025 1347
1179 1347
1220 1347
1250 1347
1490 1347
2175 1347
809 1349
543 1350
42 1352
62 1352
79 1352
175 1352
608 1352
827 1352
893 1352
1896 1352
1924 1352
1596 1353
706 1355
1393 1356
1827 1357
190 1359
1711 1359
2151 1359
307 1361
1247 1361
1959 1361
274 1363
1054 1363
1513 1363
1987 1363
498 1366
202 1367
428 1367
1709 1367
1857 1367
44 1369
883 1369
1036 1369
1088 1369
1692 1369
1838 1369
1869 1369
478 1372
190 1373
196 1373
456 1373
498 1373
817 1373
1054 1373
1225 1373
2103 1373
937 1375
722 1376
1465 1376
1475 1376
1566 1376
323 1377
815 1378
1738 1378
579 1380
1160 1380
1946 1380
1738 1382
38 1387
476 1387
527 1387
756 1387
862 1387
1147 1387
1787 1387
1805 1387
1921 1387
1957 1387
1976 1387
2013 1387
220 1388
261 1388
1536 1388
1748 1390
498 1391
1419 1391
2168 1391
37 1392
698 1392
1501 1392
1630 1392
1356 1393
185 1394
1935 1394
1100 1398
650 1399
210 1400
534 1401
546 1401
839 1401
1863 1401
232 1404
1187 1406
672 1410
798 1410
1191 1410
1693 1411
1840 1411
1194 1414
1493 1414
737 1415
2144 1415
2086 1416
2160 1416
1337 1417
1391 1419
1594 1420
354 1421
719 1421
1638 1422
650 1424
539 1426
1610 1427
1665 1427
1014 1429
695 1431
756 1437
436 1438
714 1438
1054 1438
272 1439
1297 1442
1709 1442
370 1443
684 1443
1602 1444
359 1446
318 1449
536 1449
625 1449
1803 1449
952 1451
773 1454
1054 1454
1928 1454
818 1455
340 1457
934 1458
1480 1458
571 1459
50 1460
713 1465
1126 1465
1246 1465
1330 1465
1376 1465
1696 1465
1939 1465
103 1466
275 1466
820 1466
1144 1467
1200 1467
1585 1467
1613 1467
1654 1467
2026 1467
2080 1467
102 1469
2001 1469
985 1470
205 1471
774 1471
1097 1471
581 1472
191 1473
807 1473
1489 1473
2145 1473
402 1474
1376 1475
1742 1475
244 1476
351 1476
1690 1477
318 1478
351 1478
1458 1480
1693 1480
14 1483
307 1485
403 1485
700 1485
747 1485
1126 1485
1197 1485
1507 1485
1690 1485
1728 1485
1939 1485
1959 1485
1986 1485
2050 1485
2061 1485
539 1486
1250 1486
238 1487
295 1487
360 1487
449 1487
490 1487
497 1487
520 1487
563 1487
690 1487
1108 1487
1538 1487
507 1488
1105 1488
810 1489
1473 1489
2022 1489
67 1490
152 1490
1057 1490
1188 1490
1336 1490
1347 1490
1645 1490
1685 1490
1755 1490
1808 1490
2087 1490
365 1491
703 1493
1414 1493
121 1498
600 1498
1039 1498
1591 1498
1825 1498
756 1499
892 1500
1243 1500
1392 1501
2027 1501
640 1502
940 1502
1045 1502
1316 1502
1687 1502
2113 1502
1239 1503
251 1507
747 1507
1485 1507
1716 1507
2140 1507
182 1508
238 1508
563 1508
690 1508
872 1508
1119 1508
1125 1508
1940 1508
2043 1508
883 1509
1676 1509
2090 1509
177 1511
318 1511
816 1511
1613 1511
252 1512
458 1512
1740 1512
113 1513
310 1513
370 1513
394 1513
523 1513
565 1513
696 1513
726 1513
914 1513
1082 1513
1145 1513
1234 1513
1363 1513
1542 1513
1574 1513
1719 1513
1735 1513
1803 1513
2151 1514
316 1515
347 1515
627 1515
645 1515
771 1515
1071 1515
1183 1515
1269 1515
1646 1515
1722 1515
1162 1516
2059 1516
664 1518
199 1522
303 1522
531 1522
1830 1522
1064 1524
224 1526
1261 1528
1011 1529
1638 1534
1702 1534
202 1536
205 1536
220 1536
1388 1536
403 1538
451 1538
520 1538
557 1538
628 1538
849 1538
1101 1538
1257 1538
1302 1538
1487 1538
1666 1538
2163 1538
23 1539
703 1539
1752 1539
1980 1540
2160 1540
318 1541
1054 1541
1585 1541
1613 1541
1513 1542
200 1544
1260 1544
1090 1545
836 1546
654 1547
783 1547
1915 1547
1337 1548
370 1550
1168 1550
217 1552
766 1552
1179 1557
439 1560
462 1560
787 1560
200 1561
1187 1561
1874 1561
2090 1561
595 1562
606 1562
815 1562
1050 1562
652 1563
1041 1563
807 1564
838 1566
1376 1566
1621 1566
1769 1566
1097 1567
1854 1567
1220 1569
1604 1569
966 1570
2037 1570
296 1572
403 1572
560 1572
885 1572
740 1573
897 1573
1736 1573
330 1574
370 1574
696 1574
903 1574
1121 1574
1145 1574
1513 1574
1719 1574
1792 1574
1905 1574
1088 1576
253 1577
885 1579
361 1580
504 1580
679 1580
1282 1580
1663 1580
1783 1580
1883 1581
775 1583
966 1583
2122 1583
52 1585
70 1585
1130 1585
1327 1585
1467 1585
1541 1585
2160 1586
190 1587
1313 1587
1881 1587
1308 1591
1498 1591
1733 1591
555 1592
194 1593
1420 1594
437 1595
1310 1595
498 1596
1144 1596
1225 1596
1353 1596
461 1597
806 1597
918 1597
1776 1597
854 1601
256 1602
267 1602
349 1602
533 1602
691 1602
816 1602
914 1602
1056 1602
1093 1602
1444 1602
1645 1602
1849 1602
152 1604
1057 1604
1569 1604
1054 1605
1200 1605
1613 1605
354 1606
2022 1607
117 1608
401 1609
271 1610
600 1610
894 1610
1427 1610
2115 1610
533 1612
45 1613
52 1613
94 1613
168 1613
176 1613
201 1613
343 1613
487 1613
528 1613
628 1613
787 1613
788 1613
819 1613
938 1613
957 1613
1067 1613
1130 1613
1467 1613
1511 1613
1541 1613
1605 1613
1735 1613
2097 1613
802 1617
706 1618
807 1618
1239 1618
1682 1618
1740 1618
815 1619
1738 1619
274 1620
1566 1621
1941 1621
2042 1621
893 1623
520 1625
1969 1627
601 1628
1690 1629
156 1630
260 1630
1025 1630
1392 1630
198 1631
759 1631
955 1631
2146 1631
841 1633
1188 1633
2090 1633
179 1635
1661 1637
65 1638
565 1638
1101 1638
1160 1638
1300 1638
1302 1638
1422 1638
1534 1638
1660 1638
1735 1638
1813 1638
2116 1638
2153 1638
280 1640
860 1640
509 1642
677 1643
1242 1643
2081 1643
1085 1644
2016 1644
259 1645
1490 1645
1602 1645
413 1646
678 1646
1009 1646
1515 1646
1187 1647
1260 1647
2090 1647
706 1648
798 1648
1082 1650
2098 1650
2149 1650
97 1653
121 1653
583 1653
651 1653
1722 1653
2076 1653
45 1654
664 1654
675 1654
756 1654
786 1654
821 1654
1275 1654
1467 1654
1753 1654
1794 1654
1340 1658
436 1659
614 1659
219 1660
1302 1660
1638 1660
1689 1660
21 1661
339 1661
463 1661
579 1661
767 1661
885 1661
1637 1661
1951 1661
783 1662
1068 1662
1024 1663
1260 1663
1264 1663
1580 1663
2090 1663
936 1665
966 1665
1057 1665
1427 1665
1695 1665
2122 1665
1538 1666
171 1668
417 1668
434 1668
508 1668
628 1668
841 1668
1700 1668
1824 1668
2080 1668
2083 1668
2128 1668
2063 1669
309 1670
280 1671
1128 1671
355 1672
1011 1672
836 1673
133 1675
194 1676
1181 1676
1509 1676
2151 1676
2168 1676
138 1677
688 1677
1004 1677
1973 1679
501 1682
617 1682
690 1682
787 1682
872 1682
1618 1682
252 1683
539 1683
1068 1683
2087 1683
1490 1685
1687 1685
1986 1685
1502 1687
1685 1687
1992 1687
1660 1689
2124 1689
54 1690
67 1690
439 1690
605 1690
1297 1690
1477 1690
1485 1690
1629 1690
1761 1690
1878 1690
1005 1691
1369 1692
364 1693
873 1693
1070 1693
1297 1693
1411 1693
1480 1693
2080 1693
1665 1695
479 1696
1465 1696
232 1700
499 1700
1668 1700
1892 1700
1969 1700
216 1702
1534 1702
227 1704
822 1704
827 1704
1197 1704
524 1706
421 1709
539 1709
578 1709
738 1709
824 1709
1144 1709
1367 1709
1442 1709
2146 1709
174 1711
551 1711
723 1711
940 1711
1259 1711
1359 1711
1801 1711
273 1713
1268 1713
893 1715
506 1716
662 1716
1081 1716
1507 1716
1866 1716
2112 1716
370 1719
696 1719
1145 1719
1513 1719
1574 1719
253 1720
544 1720
545 1720
571 1720
635 1720
795 1720
796 1720
974 1720
1775 1720
2020 1720
756 1721
12 1722
706 1722
974 1722
1515 1722
1653 1722
523 1723
1834 1723
435 1726
354 1727
351 1728
747 1728
1485 1728
437 1733
1591 1733
324 1734
659 1734
1302 1735
1513 1735
1613 1735
1638 1735
1871 1735
638 1736
1573 1736
934 1738
966 1738
1378 1738
1382 1738
1619 1738
723 1740
1512 1740
1618 1740
532 1742
774 1742
1097 1742
1475 1742
1824 1742
282 1743
1926 1743
2151 1745
860 1746
1036 1748
1390 1748
279 1751
349 1751
1260 1751
161 1752
167 1752
623 1752
1307 1752
1539 1752
69 1753
401 1753
526 1753
1654 1753
2151 1753
966 1754
133 1755
194 1755
252 1755
258 1755
489 1755
804 1755
1490 1755
200 1757
1085 1757
2016 1757
1122 1760
67 1761
439 1761
1083 1761
1690 1761
924 1762
1034 1765
1144 1765
2140 1765
1189 1766
1566 1769
202 1770
691 1770
756 1770
841 1770
929 1770
1275 1770
2126 1770
324 1772
2166 1772
635 1775
1198 1775
1720 1775
2134 1775
1597 1776
1024 1777
1264 1777
1990 1780
1144 1781
1024 1783
1264 1783
1580 1783
716 1784
1387 1787
204 1788
354 1788
655 1788
2062 1788
125 1791
439 1791
724 1791
756 1791
1915 1791
370 1792
696 1792
1145 1792
1574 1792
177 1794
286 1794
703 1794
988 1794
1654 1794
22 1795
117 1795
139 1795
356 1795
691 1795
1078 1795
1907 1795
2001 1795
493 1796
959 1796
881 1797
1014 1799
1174 1799
312 1801
322 1801
331 1801
464 1801
830 1801
872 1801
1711 1801
1838 1801
177 1802
1846 1802
366 1803
529 1803
1147 1803
1205 1803
1449 1803
1513 1803
180 1804
183 1804
230 1804
581 1804
1960 1804
194 1805
1387 1805
1869 1805
666 1806
439 1807
1490 1808
200 1809
755 1809
1250 1810
808 1811
351 1812
489 1812
581 1812
1638 1813
139 1814
142 1814
251 1814
539 1814
1949 1814
2010 1814
99 1815
232 1815
2022 1816
2093 1816
2097 1816
885 1821
1200 1823
525 1824
1083 1824
1668 1824
1742 1824
1969 1824
1498 1825
1971 1825
1014 1826
1357 1827
1323 1830
1522 1830
1322 1831
25 1833
926 1833
190 1834
756 1834
789 1834
808 1834
817 1834
1014 1834
1303 1834
1723 1834
1985 1834
639 1836
723 1836
205 1838
259 1838
1369 1838
1801 1838
722 1840
1105 1840
1411 1840
2073 1843
572 1845
203 1846
304 1846
405 1846
442 1846
580 1846
846 1846
1276 1846
1802 1846
2059 1846
901 1848
1260 1848
1602 1849
1040 1850
1981 1850
2074 1850
419 1852
784 1852
1018 1852
1226 1852
773 1854
885 1854
1567 1854
1858 1854
2108 1854
794 1856
833 1856
1118 1856
1225 1856
114 1857
134 1857
534 1857
839 1857
1367 1857
1863 1857
1251 1858
1854 1858
2014 1858
1947 1859
175 1862
893 1862
428 1863
1401 1863
1857 1863
327 1864
1225 1864
1969 1864
1716 1866
1949 1866
314 1867
518 1867
2173 1867
116 1869
343 1869
756 1869
1369 1869
1805 1869
2007 1869
2176 1869
1097 1871
1735 1871
200 1874
279 1874
373 1874
690 1874
872 1874
911 1874
921 1874
1066 1874
1087 1874
1561 1874
1917 1874
2090 1874
954 1876
1040 1876
380 1877
756 1877
789 1877
893 1877
1014 1877
1056 1878
1690 1878
1022 1879
114 1881
1587 1881
1220 1883
1581 1883
808 1884
293 1885
1181 1887
2168 1887
13 1888
609 1888
2101 1888
2107 1888
150 1890
288 1892
1700 1892
2052 1892
152 1893
1214 1893
1986 1893
869 1894
387 1895
1313 1895
1352 1896
251 1897
804 1897
153 1899
822 1899
1054 1900
317 1901
1941 1902
754 1903
1024 1903
1295 1905
1574 1905
1907 1905
2013 1905
2064 1905
2172 1905
488 1906
536 1906
570 1906
862 1906
1095 1906
1238 1906
2000 1906
1795 1907
1905 1907
2163 1911
306 1912
680 1912
1150 1912
1206 1912
1252 1912
2137 1912
1547 1915
1791 1915
200 1917
1187 1917
1260 1917
1874 1917
2090 1917
860 1919
576 1920
1145 1920
1150 1920
740 1921
1387 1921
789 1923
934 1923
62 1924
79 1924
318 1924
1167 1924
1352 1924
2135 1924
756 1925
1240 1925
282 1926
1743 1926
2058 1926
176 1928
544 1928
587 1928
773 1928
1054 1928
1454 1928
876 1930
2035 1930
133 1931
462 1931
175 1934
916 1934
1394 1935
488 1936
1340 1938
312 1939
370 1939
1126 1939
1465 1939
1485 1939
2127 1939
1508 1940
1621 1941
1902 1941
1974 1941
171 1942
601 1942
1018 1942
1215 1942
2191 1942
1187 1945
1260 1945
2090 1945
463 1946
1160 1946
1380 1946
31 1947
32 1947
33 1947
146 1947
379 1947
581 1947
667 1947
795 1947
862 1947
878 1947
1010 1947
1077 1947
1092 1947
1859 1947
2172 1947
56 1949
324 1949
1012 1949
1081 1949
1151 1949
1295 1949
1814 1949
1866 1949
2141 1949
252 1950
992 1950
1661 1951
194 1953
261 1953
1243 1954
2011 1954
136 1955
403 1955
1167 1955
1387 1957
420 1959
747 1959
1361 1959
1485 1959
860 1960
1804 1960
115 1964
581 1964
1627 1969
1700 1969
1824 1969
1864 1969
395 1971
449 1971
1239 1971
1825 1971
2050 1971
1679 1973
804 1974
1941 1974
251 1975
470 1976
1014 1976
1166 1976
1387 1976
2087 1976
194 1980
623 1980
746 1980
1083 1980
1540 1980
2166 1980
1850 1981
538 1982
1005 1983
314 1984
1011 1984
756 1985
1834 1985
788 1986
1485 1986
1685 1986
1893 1986
145 1987
1363 1987
1097 1988
952 1989
1780 1990
2076 1991
592 1992
1031 1992
1687 1992
2087 1992
63 1993
882 1994
23 1996
1906 2000
1469 2001
1795 2001
180 2006
912 2006
2014 2006
2071 2006
1869 2007
196 2010
335 2010
569 2010
826 2010
1192 2010
1227 2010
1814 2010
866 2011
1954 2011
439 2013
489 2013
747 2013
1387 2013
1905 2013
610 2014
1017 2014
1041 2014
1089 2014
1167 2014
1201 2014
1267 2014
1858 2014
2006 2014
1085 2016
1644 2016
1757 2016
2177 2016
1244 2017
1720 2020
190 2022
436 2022
1204 2022
1293 2022
1489 2022
1607 2022
1816 2022
2103 2022
292 2024
893 2026
1067 2026
1467 2026
1501 2027
1092 2031
1930 2035
1570 2037
1085 2038
324 2039
795 2039
1010 2039
200 2040
1260 2040
530 2041
747 2041
2166 2041
1621 2042
1508 2043
553 2047
2166 2049
271 2050
1485 2050
1971 2050
2059 2050
232 2052
601 2052
626 2052
1892 2052
1054 2057
1926 2058
23 2059
203 2059
238 2059
295 2059
405 2059
442 2059
489 2059
1088 2059
1162 2059
1180 2059
1276 2059
1516 2059
1846 2059
2050 2059
377 2060
940 2061
1075 2061
1485 2061
581 2062
747 2062
815 2062
919 2062
1788 2062
1669 2063
1905 2064
827 2066
916 2066
1313 2066
1243 2069
2160 2069
2081 2070
652 2071
1043 2071
2006 2071
194 2073
1843 2073
1850 2074
1653 2076
1991 2076
1467 2080
1668 2080
1693 2080
659 2081
700 2081
1231 2081
1643 2081
2070 2081
2141 2081
2091 2082
490 2083
492 2083
563 2083
1668 2083
940 2084
258 2085
1416 2086
379 2087
450 2087
1095 2087
1135 2087
1331 2087
1490 2087
1683 2087
1976 2087
1992 2087
2133 2087
107 2088
1051 2088
448 2090
454 2090
690 2090
799 2090
872 2090
911 2090
924 2090
1002 2090
1148 2090
1509 2090
1561 2090
1633 2090
1647 2090
1663 2090
1874 2090
1917 2090
1945 2090
519 2091
2082 2091
783 2093
1051 2093
1816 2093
175 2094
518 2096
69 2097
1200 2097
1613 2097
1816 2097
2168 2097
1650 2098
1239 2099
14 2100
216 2100
609 2101
1888 2101
258 2102
272 2102
817 2102
1083 2102
451 2103
555 2103
893 2103
1373 2103
2022 2103
165 2104
671 2105
609 2107
1888 2107
51 2108
1854 2108
418 2109
439 2109
592 2109
1014 2109
1716 2112
202 2113
1502 2113
45 2115
1610 2115
306 2116
565 2116
1128 2116
1638 2116
710 2117
1261 2117
1282 2117
401 2118
804 2119
202 2120
804 2120
1583 2122
1665 2122
1689 2124
1770 2126
1939 2127
652 2128
1337 2128
1668 2128
723 2129
1194 2129
2087 2133
1775 2134
79 2135
1924 2135
178 2137
836 2137
952 2137
1912 2137
601 2139
1507 2140
1765 2140
251 2141
351 2141
371 2141
478 2141
1949 2141
2081 2141
494 2142
845 2143
1415 2144
306 2145
490 2145
1171 2145
1473 2145
2179 2145
1631 2146
1709 2146
747 2148
788 2148
1650 2149
343 2151
406 2151
756 2151
1121 2151
1359 2151
1514 2151
1676 2151
1745 2151
1753 2151
1638 2153
1166 2157
601 2160
830 2160
1416 2160
1540 2160
1586 2160
2069 2160
841 2161
402 2163
520 2163
1538 2163
1911 2163
709 2164
1278 2164
194 2166
419 2166
633 2166
814 2166
912 2166
944 2166
1772 2166
1980 2166
2041 2166
2049 2166
2176 2166
45 2168
394 2168
517 2168
686 2168
1281 2168
1391 2168
1676 2168
1887 2168
2097 2168
439 2169
1076 2171
1123 2171
212 2172
1905 2172
1947 2172
314 2173
1867 2173
2180 2173
1347 2175
1869 2176
2166 2176
1085 2177
2016 2177
2145 2179
518 2180
943 2180
2173 2180
679 2181
783 2182
1232 2182
1054 2183
436 2185
706 2186
418 2190
258 2191
536 2191
601 2191
783 2191
1942 2191
