351 2
259 3
1297 5
2519 5
2693 5
225 7
902 7
1083 9
1316 9
194 11
2724 11
242 12
850 12
1722 12
609 13
1888 13
946 14
1483 14
2100 14
2303 14
2393 14
754 20
323 21
1661 21
139 22
356 22
581 22
1795 22
32 23
260 23
495 23
766 23
1218 23
1539 23
1996 23
2059 23
2281 23
2574 24
2658 24
418 25
518 25
1083 25
1252 25
1833 25
754 26
1166 26
1200 26
1127 27
1303 27
2445 27
2678 27
1242 28
1307 29
2667 29
581 31
1947 31
2236 31
2458 31
23 32
1947 32
581 33
1947 33
2236 33
2458 33
2305 34
682 35
2712 35
1392 37
2478 37
351 38
1088 38
1180 38
1387 38
1066 40
1256 40
1352 42
108 43
1068 44
1369 44
1054 45
1613 45
1654 45
2115 45
2168 45
1024 47
1460 50
2108 51
2309 51
323 52
1585 52
1613 52
2610 52
63 53
137 53
239 53
392 53
648 53
704 53
901 53
2193 53
2335 53
2544 53
2730 53
1347 54
1690 54
1949 56
1260 60
79 62
1352 62
1924 62
2523 62
2554 62
53 63
137 63
239 63
392 63
648 63
704 63
901 63
1230 63
1993 63
2193 63
2335 63
2544 63
2730 63
373 65
1638 65
406 67
523 67
700 67
792 67
1490 67
1690 67
1761 67
2240 67
2509 67
747 68
1308 68
2388 68
2620 68
1753 69
2097 69
1585 70
2236 70
1258 72
1018 73
1067 74
2476 74
2738 74
246 76
2381 77
280 78
62 79
318 79
1167 79
1352 79
1924 79
2135 79
2293 79
2523 79
2554 79
198 80
1024 80
2728 80
2613 83
96 84
2403 84
280 85
747 85
860 85
773 87
1051 87
2655 90
323 94
399 94
1054 94
1200 94
1613 94
341 95
807 95
2592 95
2716 95
84 96
1043 96
1653 97
292 99
640 99
1815 99
2300 101
1469 102
820 103
1466 103
1179 104
949 105
2088 107
43 108
1024 109
127 110
252 110
1513 113
2437 113
1857 114
1881 114
2399 114
757 115
1964 115
2695 115
1267 116
1869 116
2681 116
1608 117
1795 117
1201 118
2517 119
2665 119
807 121
1220 121
1498 121
1653 121
470 122
588 125
1791 125
2437 125
2523 125
2636 126
110 127
241 128
1024 130
1267 130
697 133
1675 133
1755 133
1931 133
136 134
1857 134
134 136
1955 136
53 137
63 137
2544 137
1677 138
22 139
662 139
840 139
1056 139
1795 139
1814 139
678 141
324 142
1814 142
2705 142
200 144
755 144
1260 144
2635 144
1987 145
594 146
728 146
1012 146
1947 146
332 147
1313 148
407 149
1890 150
1137 151
2713 151
444 152
1490 152
1604 152
1893 152
552 153
670 153
872 153
1197 153
1899 153
747 154
2584 154
401 156
966 156
1630 156
2502 156
1183 159
1752 161
2104 165
2582 165
2643 165
2684 165
1243 167
1752 167
2445 167
2693 167
1225 168
1613 168
252 170
581 170
2238 170
175 171
271 171
893 171
1127 171
1668 171
1942 171
2296 171
2554 171
550 172
585 172
1116 172
1187 172
2443 172
401 173
1711 174
2299 174
171 175
297 175
399 175
415 175
830 175
890 175
893 175
916 175
969 175
1076 175
1108 175
1215 175
1352 175
1862 175
1934 175
2094 175
2369 175
2556 175
323 176
731 176
853 176
1009 176
1613 176
1928 176
2263 176
2478 176
347 177
487 177
774 177
961 177
1511 177
1794 177
1802 177
2453 177
2712 177
2137 178
1635 179
2452 179
251 180
581 180
1804 180
2006 180
2458 180
2620 180
1194 181
2437 181
563 182
1508 182
1804 183
2343 183
2304 184
1394 185
2596 187
2453 188
2447 189
310 190
689 190
756 190
1018 190
1359 190
1373 190
1587 190
1834 190
2022 190
2395 190
2674 190
895 191
1473 191
208 193
11 194
470 194
624 194
811 194
1014 194
1117 194
1226 194
1593 194
1676 194
1755 194
1805 194
1953 194
1980 194
2073 194
2166 194
2411 194
2435 194
2449 194
2558 194
2629 194
2704 194
789 195
313 196
1373 196
2010 196
2658 196
80 198
393 198
615 198
966 198
1108 198
1291 198
1631 198
2442 198
2627 198
531 199
1522 199
144 200
373 200
454 200
593 200
758 200
924 200
1087 200
1104 200
1148 200
1280 200
1544 200
1561 200
1757 200
1809 200
1874 200
1917 200
2040 200
2503 200
2575 200
2580 200
2635 200
439 201
650 201
747 201
808 201
1014 201
1054 201
1613 201
2255 201
2279 201
373 202
402 202
543 202
665 202
751 202
807 202
929 202
966 202
1367 202
1536 202
1770 202
2113 202
2120 202
2267 202
2273 202
2333 202
2375 202
2715 202
405 203
521 203
1846 203
2059 203
2327 203
2738 203
815 204
1788 204
664 205
1160 205
1234 205
1471 205
1536 205
1838 205
2412 205
2447 205
2457 205
2420 206
193 208
1086 208
489 209
592 209
1122 209
2639 209
1400 210
523 212
947 212
1028 212
1227 212
2172 212
1702 216
2100 216
2281 216
1552 217
2194 218
1009 219
1660 219
2297 219
2605 219
261 220
1388 220
1536 220
1526 224
7 225
1704 227
643 229
1347 230
1804 230
2451 230
1404 232
1700 232
1815 232
2052 232
2374 232
2712 232
252 233
539 233
1068 233
2316 233
2488 233
274 235
318 236
370 236
759 236
1198 236
807 237
966 237
2333 237
490 238
563 238
1254 238
1487 238
1508 238
2059 238
53 239
63 239
128 241
1231 241
1345 241
12 242
1476 244
417 245
924 245
76 246
758 246
2517 247
413 249
2445 250
180 251
344 251
406 251
659 251
744 251
995 251
1010 251
1081 251
1151 251
1507 251
1814 251
1897 251
1975 251
2141 251
2256 251
2449 251
2458 251
2557 251
2561 251
2636 251
110 252
170 252
233 252
379 252
570 252
712 252
823 252
1077 252
1093 252
1095 252
1135 252
1162 252
1238 252
1512 252
1683 252
1755 252
1950 252
2308 252
2332 252
2451 252
2626 252
2684 252
2731 252
1577 253
1720 253
434 255
915 255
1282 255
2528 255
650 256
1602 256
289 257
617 257
1038 257
1055 257
1171 257
1344 257
2632 257
530 258
569 258
754 258
808 258
864 258
1193 258
1327 258
1755 258
2085 258
2102 258
2191 258
2198 258
2227 258
2487 258
2724 258
3 259
265 259
1645 259
1838 259
2293 259
2714 259
23 260
1630 260
220 261
276 261
1388 261
1953 261
2286 261
480 263
259 265
2371 265
934 266
1103 266
1083 267
1144 267
1602 267
491 268
539 268
2310 268
171 271
1025 271
1610 271
2050 271
1439 272
2102 272
2452 272
2713 272
1713 273
235 274
354 274
1139 274
1363 274
1620 274
820 275
1466 275
261 276
494 277
519 278
934 278
448 279
454 279
872 279
924 279
1751 279
1874 279
2509 279
78 280
85 280
1090 280
1640 280
1671 280
2277 280
2716 281
1743 282
1926 282
2460 283
756 284
922 285
1794 286
2653 286
1892 288
257 289
617 289
2632 289
357 290
462 291
99 292
312 292
2024 292
1885 293
490 295
1487 295
2059 295
359 296
827 296
1572 296
175 297
1016 297
1187 301
1260 301
1522 303
489 304
592 304
1267 304
1846 304
349 306
553 306
565 306
1171 306
1298 306
1300 306
1912 306
2116 306
2145 306
2592 306
1361 307
1485 307
2331 307
1041 309
1076 309
1157 309
1670 309
2309 309
190 310
1513 310
860 311
292 312
1232 312
1801 312
1939 312
2374 312
2545 312
196 313
1297 314
1867 314
1984 314
2173 314
2384 314
2519 314
2592 314
571 316
796 316
1515 316
527 317
1901 317
79 318
236 318
705 318
1262 318
1449 318
1478 318
1511 318
1541 318
1924 318
2687 319
756 320
323 322
454 322
1801 322
21 323
52 323
94 323
176 323
322 323
455 323
587 323
957 323
1090 323
1141 323
1377 323
2361 323
2447 323
2488 323
142 324
351 324
1734 324
1772 324
1949 324
2039 324
2238 324
2310 324
2371 324
636 326
935 327
1864 327
2549 327
1024 328
2728 328
1296 329
1574 330
726 331
1092 331
1801 331
2340 331
147 332
2290 332
2010 335
579 339
885 339
1661 339
2525 339
2716 339
1457 340
95 341
1200 343
1613 343
1869 343
2151 343
251 344
439 344
1328 346
177 347
395 347
408 347
619 347
668 347
1183 347
1515 347
2469 347
306 349
755 349
1602 349
1751 349
2653 349
2716 349
1269 350
2 351
38 351
324 351
1095 351
1476 351
1478 351
1728 351
1812 351
2141 351
2396 351
2699 351
2731 351
274 354
578 354
988 354
1421 354
1606 354
1727 354
1788 354
2362 354
2637 354
620 355
1672 355
22 356
1795 356
2245 356
2446 356
2680 356
2699 356
2708 356
290 357
296 359
524 359
1446 359
490 360
563 360
1487 360
2465 360
1024 361
1264 361
1580 361
1026 363
1085 363
919 364
1693 364
1491 365
1803 366
1293 369
236 370
458 370
696 370
903 370
1145 370
1147 370
1443 370
1513 370
1550 370
1574 370
1719 370
1792 370
1939 370
2197 370
2265 370
2141 371
2673 372
65 373
200 373
202 373
1260 373
1347 373
1874 373
2236 374
449 375
1254 375
2060 377
2391 378
252 379
437 379
716 379
965 379
1947 379
2087 379
2342 379
756 380
1877 380
2236 382
1895 387
1024 388
1124 388
664 389
786 389
2584 391
53 392
63 392
2544 392
2635 392
198 393
490 393
1024 393
1513 394
2168 394
347 395
437 395
507 395
548 395
1971 395
2717 395
879 396
1264 396
988 398
94 399
175 399
893 399
1090 399
156 401
173 401
412 401
761 401
1249 401
1308 401
1609 401
1753 401
2118 401
2212 401
2241 401
2447 401
202 402
673 402
790 402
1474 402
2163 402
2505 402
2516 402
2608 402
2650 402
1485 403
1538 403
1572 403
1955 403
203 405
442 405
1846 405
2059 405
67 406
251 406
677 406
817 406
904 406
985 406
2151 406
2676 406
149 407
347 408
723 409
1327 409
640 410
401 412
249 413
1198 413
1646 413
2484 413
2514 413
175 415
245 417
865 417
1298 417
1337 417
1340 417
1668 417
25 418
1061 418
1197 418
2109 418
2190 418
2539 418
1852 419
2166 419
1227 420
1959 420
1709 421
650 427
830 427
534 428
839 428
1036 428
1367 428
1863 428
2519 428
546 429
1024 431
1264 431
754 433
255 434
490 434
492 434
1668 434
860 435
1726 435
614 436
1438 436
1659 436
2022 436
2185 436
379 437
395 437
756 437
1308 437
1310 437
1595 437
1733 437
2212 437
2287 437
2508 437
201 439
344 439
476 439
523 439
530 439
605 439
876 439
1030 439
1226 439
1560 439
1690 439
1761 439
1791 439
1807 439
2013 439
2109 439
2169 439
2198 439
2487 439
2537 439
2540 439
2558 439
405 442
1276 442
1846 442
2059 442
2428 442
449 443
152 444
2485 444
2668 444
733 445
279 448
1187 448
2090 448
2635 448
375 449
443 449
563 449
1487 449
1971 449
2087 450
520 451
1024 451
1538 451
2103 451
2517 451
2547 452
768 453
1058 453
200 454
279 454
322 454
1187 454
1260 454
2090 454
323 455
678 455
1054 455
756 456
1373 456
1180 457
2488 457
370 458
1512 458
918 461
1597 461
291 462
868 462
1034 462
1075 462
1128 462
1194 462
1560 462
1931 462
2720 462
579 463
885 463
1160 463
1661 463
1946 463
2252 463
2525 463
2716 463
1801 464
2686 465
122 470
194 470
1976 470
2449 470
2558 470
2704 470
2712 475
439 476
489 476
592 476
747 476
1387 476
1372 478
2141 478
679 479
1696 479
2451 479
263 480
1296 480
703 481
641 483
2252 486
177 487
1613 487
676 488
1906 488
1936 488
2526 488
2577 488
2682 488
209 489
304 489
476 489
530 489
744 489
1010 489
1335 489
1755 489
1812 489
2013 489
2059 489
2396 489
2449 489
2561 489
2636 489
2699 489
238 490
295 490
360 490
393 490
434 490
563 490
781 490
1108 490
1220 490
1487 490
2083 490
2145 490
2442 490
2465 490
2627 490
268 491
1290 491
2667 491
434 492
2083 492
579 493
1307 493
1796 493
277 494
1210 494
1314 494
2142 494
23 495
2584 495
563 497
1487 497
756 498
1366 498
1373 498
1391 498
1596 498
2205 498
2241 498
791 499
1700 499
2517 500
563 501
807 501
1682 501
538 502
1337 502
1024 504
1580 504
650 505
1716 506
2327 506
395 507
1488 507
772 508
816 508
1668 508
650 509
850 509
1642 509
2737 509
2452 510
2343 513
703 515
2168 517
25 518
1867 518
2096 518
2180 518
2716 518
278 519
2091 519
2571 519
451 520
557 520
755 520
1302 520
1487 520
1538 520
1625 520
2163 520
2592 520
203 521
2437 522
67 523
212 523
439 523
808 523
1014 523
1513 523
1723 523
2238 523
2255 523
359 524
1706 524
774 525
1824 525
1753 526
317 527
1387 527
1613 528
1803 529
258 530
439 530
489 530
830 530
1088 530
2041 530
2639 530
199 531
1522 531
1742 532
1014 533
1602 533
1612 533
428 534
1401 534
1857 534
2572 534
896 536
1449 536
1906 536
2191 536
2452 536
502 538
1128 538
1982 538
233 539
268 539
823 539
1426 539
1486 539
1683 539
1709 539
1814 539
2705 539
810 540
1344 540
1014 541
1303 541
2255 541
202 543
1350 543
773 544
1720 544
1928 544
1720 545
429 546
1181 546
1401 546
2447 546
2333 547
395 548
687 548
2738 548
172 550
585 550
1187 550
2255 550
2443 550
601 551
678 551
1711 551
153 552
2339 552
306 553
952 553
2047 553
2250 553
2453 553
706 554
759 554
2738 554
1592 555
2103 555
1057 556
520 557
1538 557
1572 560
1236 561
747 562
182 563
238 563
360 563
449 563
490 563
497 563
501 563
781 563
1487 563
1508 563
2083 563
306 565
1300 565
1513 565
1638 565
2116 565
747 567
258 569
754 569
2010 569
2371 569
252 570
1238 570
1906 570
2236 570
316 571
1144 571
1189 571
1459 571
1720 571
1347 572
1845 572
1260 574
2738 575
1145 576
1150 576
1920 576
2726 576
2533 577
354 578
1243 578
1709 578
339 579
463 579
493 579
885 579
959 579
1380 579
1661 579
846 580
1276 580
1846 580
22 581
31 581
33 581
170 581
180 581
667 581
691 581
742 581
795 581
832 581
898 581
1472 581
1804 581
1812 581
1947 581
1964 581
2062 581
2446 581
2449 581
2550 581
2561 581
2636 581
2699 581
1653 583
2366 583
172 585
550 585
924 585
1275 585
323 587
773 587
1928 587
2524 587
125 588
2584 588
756 591
2296 591
209 592
304 592
476 592
658 592
862 592
878 592
1034 592
1082 592
1098 592
1128 592
1192 592
1309 592
1324 592
1335 592
1992 592
2109 592
2396 592
2537 592
2541 592
2693 592
2709 592
200 593
1187 593
2716 593
146 594
728 594
2487 594
1562 595
1009 596
855 598
989 598
1183 599
1498 600
1610 600
551 601
1628 601
1942 601
2052 601
2139 601
2160 601
2191 601
2251 601
2425 601
439 605
1690 605
1562 606
2309 606
827 608
1352 608
13 609
1888 609
2101 609
2107 609
2314 609
2014 610
1175 611
2206 611
2322 611
2582 611
436 614
691 614
1659 614
198 615
1024 615
1252 615
1291 615
257 617
289 617
1038 617
1055 617
1322 617
1682 617
2632 617
2712 618
347 619
355 620
756 623
1135 623
1752 623
1980 623
194 624
1250 624
2724 624
1449 625
2052 626
714 627
1515 627
1538 628
1613 628
1668 628
2290 632
1083 633
2166 633
974 635
1720 635
1775 635
2267 635
2555 635
2686 635
326 636
2343 637
1736 638
1836 639
99 640
410 640
1502 640
2706 640
483 641
2635 642
229 643
2255 643
1071 645
1515 645
2352 647
53 648
63 648
2544 648
201 650
256 650
427 650
505 650
509 650
671 650
850 650
1399 650
1424 650
2599 650
2737 650
860 651
1653 651
1563 652
2071 652
2128 652
1547 654
1788 655
731 656
592 658
719 658
2523 658
251 659
1122 659
1734 659
2081 659
2255 661
2458 661
139 662
1122 662
1180 662
1716 662
2437 662
205 664
389 664
1026 664
1189 664
1518 664
1654 664
202 665
1806 666
581 667
1947 667
2236 667
347 668
153 670
1247 670
650 671
2105 671
1410 672
402 673
1654 675
488 676
731 676
2557 676
2577 676
406 677
1643 677
141 678
455 678
551 678
691 678
706 678
861 678
1071 678
1107 678
1646 678
2653 678
2654 678
479 679
1580 679
2181 679
2496 679
1064 680
1343 680
1912 680
2281 680
2559 680
35 682
815 682
2389 682
1443 684
768 685
1250 686
2168 686
2437 686
2676 686
548 687
1677 688
2281 688
190 689
830 690
1260 690
1487 690
1508 690
1682 690
1874 690
2090 690
2635 690
581 691
614 691
678 691
706 691
773 691
1602 691
1770 691
1795 691
2458 691
2686 691
1431 695
370 696
903 696
1145 696
1513 696
1574 696
1719 696
1792 696
2265 696
133 697
965 698
1392 698
795 699
2489 699
2630 699
67 700
747 700
1485 700
2081 700
2478 701
481 703
515 703
1493 703
1539 703
1794 703
2592 703
53 704
63 704
2544 704
318 705
554 706
678 706
691 706
796 706
945 706
1294 706
1355 706
1618 706
1648 706
1722 706
2186 706
2282 706
2654 706
2737 706
906 707
1005 707
2238 707
860 708
1320 708
2518 708
1278 709
2164 709
1189 710
1302 710
2117 710
252 712
1166 712
1465 713
627 714
1438 714
853 715
379 716
737 716
996 716
1316 716
1784 716
2731 716
841 717
658 719
1113 719
1421 719
1376 722
1840 722
409 723
1711 723
1740 723
1836 723
2129 723
2366 723
2454 723
1791 724
2437 724
331 726
966 726
1113 726
1211 726
1513 726
2517 726
2265 727
146 728
594 728
1012 728
2249 728
176 731
656 731
676 731
874 731
1068 732
2437 732
2621 732
445 733
954 733
716 737
1415 737
2335 737
2428 737
1098 738
1709 738
858 740
1213 740
1573 740
1921 740
2631 740
581 742
251 744
489 744
1309 745
756 746
1980 746
2504 746
68 747
85 747
154 747
201 747
476 747
562 747
567 747
700 747
995 747
1136 747
1197 747
1227 747
1485 747
1507 747
1728 747
1959 747
2013 747
2041 747
2062 747
2148 747
2376 747
2416 747
2520 747
2537 747
2626 747
1260 748
937 750
202 751
911 751
924 751
2690 752
855 753
20 754
26 754
258 754
433 754
569 754
861 754
877 754
930 754
1152 754
1903 754
2510 754
2601 754
144 755
349 755
520 755
1104 755
1280 755
1809 755
2308 755
2641 755
190 756
284 756
320 756
380 756
437 756
456 756
498 756
591 756
623 756
746 756
789 756
1014 756
1133 756
1134 756
1181 756
1387 756
1437 756
1499 756
1654 756
1721 756
1770 756
1791 756
1834 756
1869 756
1877 756
1925 756
1985 756
2151 756
2255 756
2326 756
2437 756
2681 756
2740 756
115 757
200 758
246 758
958 758
2496 758
236 759
554 759
796 759
1631 759
2609 760
2678 760
401 761
23 766
1552 766
1661 767
453 768
685 768
2276 770
1515 771
508 772
87 773
544 773
587 773
691 773
1054 773
1454 773
1854 773
1928 773
2610 773
177 774
525 774
1237 774
1345 774
1471 774
1742 774
1583 775
2517 776
2701 779
490 781
563 781
823 783
859 783
1093 783
1547 783
1662 783
2093 783
2182 783
2191 783
2241 783
2295 783
2308 783
2684 783
1852 784
1315 785
2427 785
389 786
1219 786
1654 786
2443 786
2460 786
1340 787
1560 787
1613 787
1682 787
839 788
1613 788
1986 788
2148 788
195 789
756 789
1834 789
1877 789
1923 789
2740 789
402 790
499 791
1109 791
2363 791
2537 791
67 792
2343 792
833 794
1856 794
581 795
699 795
871 795
985 795
1250 795
1720 795
1947 795
2039 795
2238 795
2458 795
316 796
706 796
759 796
1720 796
2403 796
2557 796
940 798
1410 798
1648 798
2282 798
1187 799
2090 799
2738 800
1617 802
2324 802
1098 804
1755 804
1897 804
1974 804
2119 804
2120 804
1597 806
2678 806
95 807
121 807
202 807
237 807
501 807
825 807
975 807
1117 807
1473 807
1564 807
1618 807
2322 807
2339 807
2703 807
201 808
258 808
523 808
1811 808
1834 808
1884 808
2553 808
1349 809
540 810
1113 810
1489 810
2724 810
194 811
2343 812
2166 814
204 815
682 815
934 815
1378 815
1562 815
1619 815
2062 815
508 816
1511 816
1602 816
406 817
1373 817
1834 817
2102 817
1455 818
1613 819
103 820
275 820
1466 820
2605 820
1654 821
2437 821
1704 822
1899 822
252 823
539 823
783 823
1180 823
2236 823
2488 823
1709 824
2610 824
807 825
2010 826
2327 826
296 827
608 827
830 827
1108 827
1163 827
1334 827
1352 827
1704 827
2066 827
1121 828
2200 828
2717 828
175 830
427 830
530 830
690 830
827 830
1801 830
2160 830
581 832
794 833
927 833
971 833
1118 833
1225 833
1856 833
2663 833
882 836
1040 836
1190 836
1250 836
1546 836
1673 836
2137 836
1058 837
1566 838
428 839
788 839
1401 839
1857 839
2572 839
139 840
1180 840
717 841
905 841
1083 841
1298 841
1633 841
1668 841
1770 841
2161 841
2460 844
2143 845
580 846
1846 846
2318 846
2327 846
1009 849
1538 849
12 850
509 850
650 850
2737 850
176 853
715 853
1601 854
598 855
753 855
2403 857
740 858
2343 858
783 859
85 860
311 860
435 860
651 860
708 860
914 860
972 860
1203 860
1228 860
1244 860
1640 860
1746 860
1919 860
1960 860
2230 860
2233 860
2615 860
2631 860
678 861
754 861
1166 861
1200 861
592 862
1387 862
1906 862
1947 862
258 864
1250 864
2437 864
417 865
2011 866
462 868
1894 869
795 871
153 872
279 872
1260 872
1508 872
1682 872
1801 872
1874 872
2090 872
2635 872
1693 873
731 874
439 876
1930 876
2255 876
2584 876
754 877
2427 877
592 878
1947 878
396 879
1171 879
1797 881
836 882
1994 882
2559 882
1369 883
1509 883
339 885
463 885
579 885
1572 885
1579 885
1661 885
1821 885
1854 885
2525 885
2707 885
2716 885
175 890
988 891
1239 892
1500 892
2401 892
171 893
175 893
399 893
916 893
969 893
1076 893
1215 893
1286 893
1352 893
1623 893
1715 893
1862 893
1877 893
2026 893
2103 893
2369 893
2466 893
2668 893
1054 894
1610 894
191 895
536 896
1024 897
1264 897
1573 897
581 898
53 901
63 901
1011 901
1848 901
2544 901
7 902
370 903
696 903
1145 903
1574 903
2197 903
406 904
841 905
707 906
1128 908
1317 909
751 911
1874 911
2090 911
2635 911
2006 912
2166 912
860 914
1513 914
1602 914
255 915
175 916
893 916
1934 916
2066 916
461 918
1597 918
364 919
2062 919
2611 919
1198 920
1874 921
285 922
200 924
245 924
279 924
585 924
751 924
1187 924
1762 924
2090 924
2503 924
2635 924
1833 926
2706 926
833 927
2642 928
202 929
1770 929
2267 929
754 930
1024 930
2517 930
986 932
2206 932
266 934
278 934
815 934
1458 934
1738 934
1923 934
2309 934
2559 934
327 935
1189 935
1665 936
750 937
1286 937
1332 937
1375 937
2552 937
1613 938
798 940
1205 940
1309 940
1502 940
1711 940
2061 940
2084 940
2206 940
2240 940
2508 940
2509 940
2552 940
1040 942
2180 943
2166 944
2349 944
2437 944
706 945
2678 945
14 946
212 947
2310 947
2371 947
105 949
2517 949
2701 950
553 952
1164 952
1451 952
1989 952
2137 952
2204 952
733 954
1876 954
2200 954
2313 954
2717 954
1334 955
1631 955
2417 955
323 957
1189 957
1200 957
1613 957
2523 957
758 958
1177 958
579 959
1796 959
2623 959
177 961
1144 962
2343 964
379 965
698 965
156 966
198 966
202 966
237 966
726 966
1064 966
1570 966
1583 966
1665 966
1738 966
1754 966
2206 966
2309 966
2322 966
2339 966
2348 966
2564 966
2625 966
2664 966
2713 966
2335 968
175 969
893 969
2681 970
833 971
1118 971
860 972
635 974
1720 974
1722 974
807 975
2618 977
2206 979
2294 979
2600 979
2309 980
2476 983
406 985
795 985
1056 985
1470 985
2504 985
2724 985
932 986
354 988
398 988
891 988
1255 988
1794 988
598 989
1154 989
1213 992
1950 992
2458 992
251 995
747 995
716 996
1237 996
2716 997
2090 1002
1677 1004
707 1005
1158 1005
1691 1005
1983 1005
176 1009
219 1009
596 1009
849 1009
1646 1009
2297 1009
2530 1009
2628 1009
251 1010
489 1010
1947 1010
2039 1010
901 1011
1083 1011
1529 1011
1672 1011
1984 1011
2706 1011
146 1012
728 1012
1949 1012
194 1014
201 1014
523 1014
533 1014
541 1014
756 1014
1275 1014
1297 1014
1429 1014
1799 1014
1826 1014
1834 1014
1877 1014
1976 1014
2109 1014
2243 1014
2519 1014
297 1016
2352 1016
2500 1016
2014 1017
73 1018
190 1018
1852 1018
1942 1018
1180 1019
2236 1019
2635 1021
1879 1022
2705 1022
47 1024
80 1024
109 1024
130 1024
328 1024
361 1024
388 1024
393 1024
431 1024
451 1024
504 1024
615 1024
897 1024
930 1024
1108 1024
1124 1024
1219 1024
1264 1024
1282 1024
1291 1024
1663 1024
1777 1024
1783 1024
1903 1024
2442 1024
2627 1024
2728 1024
271 1025
1347 1025
1630 1025
2232 1025
363 1026
664 1026
1130 1026
1141 1026
1255 1026
2374 1026
212 1028
2359 1028
1034 1029
439 1030
2255 1030
2584 1030
1992 1031
1152 1032
462 1034
592 1034
1029 1034
1128 1034
1765 1034
1198 1035
428 1036
1369 1036
1748 1036
2369 1036
257 1038
617 1038
2632 1038
1498 1039
2210 1039
836 1040
942 1040
1850 1040
1876 1040
309 1041
1195 1041
1563 1041
2014 1041
2493 1041
96 1043
2071 1043
1502 1045
2718 1046
2592 1048
1562 1050
87 1051
2088 1051
2093 1051
45 1054
94 1054
201 1054
455 1054
773 1054
894 1054
1067 1054
1141 1054
1255 1054
1363 1054
1373 1054
1438 1054
1454 1054
1541 1054
1605 1054
1900 1054
1928 1054
2057 1054
2183 1054
2251 1054
257 1055
617 1055
2632 1055
139 1056
985 1056
1181 1056
1602 1056
1878 1056
2438 1056
556 1057
1179 1057
1490 1057
1604 1057
1665 1057
2678 1057
453 1058
837 1058
418 1061
1173 1061
2281 1061
2342 1061
1321 1063
680 1064
966 1064
1524 1064
40 1066
1337 1066
1874 1066
74 1067
1054 1067
1613 1067
2026 1067
2266 1067
2414 1067
44 1068
233 1068
732 1068
1226 1068
1662 1068
1683 1068
2227 1068
2705 1068
1693 1070
645 1071
678 1071
1515 1071
1187 1074
462 1075
1200 1075
2061 1075
2618 1075
175 1076
309 1076
893 1076
1123 1076
2171 1076
2522 1076
252 1077
1947 1077
1795 1078
251 1081
1122 1081
1716 1081
1949 1081
2569 1081
2718 1081
592 1082
1513 1082
1650 1082
2236 1082
2458 1082
2623 1082
9 1083
25 1083
267 1083
633 1083
841 1083
1011 1083
1305 1083
1761 1083
1824 1083
1980 1083
2102 1083
2307 1083
2322 1083
363 1085
1121 1085
1644 1085
1757 1085
2016 1085
2038 1085
2177 1085
2415 1085
2463 1085
208 1086
200 1087
1187 1087
1260 1087
1874 1087
2503 1087
2635 1087
38 1088
530 1088
1369 1088
1576 1088
2059 1088
2244 1088
2631 1088
2014 1089
280 1090
323 1090
399 1090
1200 1090
1545 1090
1189 1091
331 1092
1947 1092
2031 1092
252 1093
783 1093
1602 1093
2255 1094
2584 1094
252 1095
351 1095
1906 1095
2087 1095
2236 1095
2488 1095
1471 1097
1567 1097
1742 1097
1871 1097
1988 1097
592 1098
738 1098
804 1098
2352 1098
1398 1100
1313 1101
1538 1101
1638 1101
2296 1102
266 1103
200 1104
755 1104
1488 1105
1840 1105
678 1107
175 1108
198 1108
490 1108
827 1108
1024 1108
1264 1108
1487 1108
791 1109
2402 1109
719 1113
726 1113
810 1113
172 1116
194 1117
807 1117
833 1118
971 1118
1225 1118
1856 1118
2663 1118
1125 1119
1254 1119
1508 1119
2465 1119
1267 1120
828 1121
1085 1121
1574 1121
2151 1121
209 1122
659 1122
662 1122
1081 1122
1151 1122
1760 1122
2216 1122
2387 1122
2428 1122
1076 1123
2171 1123
2522 1123
388 1124
1024 1124
1219 1124
1119 1125
1508 1125
1297 1126
1465 1126
1485 1126
1939 1126
2519 1126
27 1127
171 1127
2554 1127
462 1128
538 1128
592 1128
908 1128
1034 1128
1671 1128
2116 1128
1026 1130
1144 1130
1585 1130
1613 1130
756 1133
756 1134
252 1135
623 1135
2087 1135
2236 1135
2458 1135
747 1136
151 1137
1215 1137
274 1139
323 1141
1026 1141
1054 1141
1225 1141
1267 1141
2343 1142
267 1144
571 1144
962 1144
1130 1144
1344 1144
1467 1144
1596 1144
1709 1144
1765 1144
1781 1144
2403 1144
2605 1144
370 1145
576 1145
696 1145
903 1145
1513 1145
1574 1145
1719 1145
1792 1145
1920 1145
2197 1145
2265 1145
370 1147
1387 1147
1803 1147
2488 1147
200 1148
1187 1148
2090 1148
2635 1148
576 1150
1912 1150
1920 1150
2665 1150
2726 1150
251 1151
1122 1151
1949 1151
754 1152
1032 1152
989 1154
2358 1154
309 1157
2493 1157
1005 1158
2335 1159
205 1160
463 1160
1232 1160
1267 1160
1380 1160
1638 1160
1946 1160
2252 1160
1187 1161
252 1162
1516 1162
2059 1162
2488 1162
827 1163
952 1164
1200 1165
26 1166
712 1166
861 1166
1218 1166
1976 1166
2157 1166
2586 1166
79 1167
1214 1167
1924 1167
1955 1167
2014 1167
2578 1167
1550 1168
257 1171
306 1171
879 1171
1298 1171
2145 1171
2267 1171
2493 1172
1061 1173
1799 1174
611 1175
958 1177
104 1179
1057 1179
1347 1179
1557 1179
2451 1179
38 1180
457 1180
662 1180
823 1180
840 1180
1019 1180
1262 1180
2059 1180
2268 1180
2684 1180
546 1181
756 1181
1056 1181
1200 1181
1676 1181
1887 1181
159 1183
347 1183
599 1183
1515 1183
172 1187
301 1187
448 1187
454 1187
550 1187
593 1187
799 1187
924 1187
1074 1187
1087 1187
1148 1187
1161 1187
1260 1187
1406 1187
1561 1187
1647 1187
1917 1187
1945 1187
2563 1187
2580 1187
1490 1188
1633 1188
571 1189
664 1189
710 1189
935 1189
957 1189
1091 1189
1766 1189
2290 1189
2374 1189
836 1190
1410 1191
2248 1191
592 1192
2010 1192
258 1193
181 1194
462 1194
1414 1194
2129 1194
2198 1194
2343 1194
2366 1194
1041 1195
153 1197
418 1197
747 1197
1485 1197
1704 1197
2386 1197
236 1198
413 1198
920 1198
1035 1198
1775 1198
26 1200
94 1200
343 1200
861 1200
957 1200
1075 1200
1090 1200
1165 1200
1181 1200
1275 1200
1327 1200
1467 1200
1605 1200
1823 1200
2097 1200
2220 1200
118 1201
2014 1201
860 1203
2022 1204
940 1205
1803 1205
2367 1205
1912 1206
2635 1208
494 1210
726 1211
2309 1212
740 1213
992 1213
2342 1213
1167 1214
1893 1214
175 1215
893 1215
1137 1215
1942 1215
2738 1215
2584 1216
2676 1216
23 1218
1166 1218
2255 1218
2547 1218
2584 1218
786 1219
1024 1219
1124 1219
2613 1219
121 1220
490 1220
1347 1220
1569 1220
1883 1220
2322 1220
2451 1220
168 1225
833 1225
1118 1225
1141 1225
1373 1225
1596 1225
1856 1225
1864 1225
2603 1225
194 1226
439 1226
1068 1226
1852 1226
2724 1226
212 1227
420 1227
747 1227
1307 1227
2010 1227
860 1228
63 1230
1260 1230
241 1231
1345 1231
2081 1231
312 1232
1160 1232
2182 1232
2340 1232
205 1234
1513 1234
561 1236
774 1237
996 1237
2726 1237
252 1238
570 1238
1906 1238
892 1239
1282 1239
1503 1239
1618 1239
1971 1239
2099 1239
2702 1239
1925 1240
28 1242
1643 1242
2681 1242
167 1243
578 1243
1500 1243
1954 1243
2069 1243
2239 1243
2572 1243
2709 1243
860 1244
2017 1244
2610 1244
1465 1246
670 1247
1361 1247
2251 1247
2523 1247
401 1249
624 1250
686 1250
795 1250
836 1250
864 1250
1347 1250
1486 1250
1810 1250
2487 1250
2558 1250
1858 1251
25 1252
615 1252
1328 1252
1912 1252
2733 1252
238 1254
375 1254
1119 1254
1297 1254
2519 1254
988 1255
1026 1255
1054 1255
2204 1255
40 1256
1538 1257
72 1258
2640 1258
1711 1259
60 1260
144 1260
301 1260
373 1260
454 1260
574 1260
690 1260
748 1260
872 1260
1087 1260
1187 1260
1230 1260
1280 1260
1544 1260
1647 1260
1663 1260
1751 1260
1848 1260
1917 1260
1945 1260
2040 1260
2465 1260
2483 1260
2503 1260
2635 1260
2649 1260
1528 1261
2117 1261
2521 1261
2529 1261
318 1262
1180 1262
361 1264
396 1264
431 1264
897 1264
1024 1264
1108 1264
1282 1264
1663 1264
1777 1264
1783 1264
2442 1264
2627 1264
116 1267
130 1267
304 1267
1120 1267
1141 1267
1160 1267
2014 1267
1713 1268
350 1269
1515 1269
585 1275
1014 1275
1200 1275
1654 1275
1770 1275
442 1276
580 1276
1846 1276
2059 1276
709 1278
2164 1278
2663 1278
2712 1279
200 1280
755 1280
1260 1280
1303 1281
2168 1281
2277 1281
2606 1281
255 1282
1024 1282
1239 1282
1264 1282
1580 1282
2117 1282
2333 1282
2712 1283
893 1286
937 1286
491 1290
198 1291
615 1291
1024 1291
2728 1291
2236 1292
2309 1292
369 1293
2022 1293
706 1294
1905 1295
1949 1295
329 1296
480 1296
5 1297
314 1297
1014 1297
1126 1297
1254 1297
1442 1297
1690 1297
1693 1297
2347 1297
306 1298
417 1298
841 1298
1171 1298
2214 1298
306 1300
565 1300
1638 1300
520 1302
710 1302
1538 1302
1638 1302
1660 1302
1735 1302
2513 1302
27 1303
541 1303
1281 1303
1834 1303
2551 1303
1083 1305
29 1307
493 1307
1227 1307
1752 1307
2537 1307
2699 1307
68 1308
401 1308
437 1308
1591 1308
592 1309
745 1309
940 1309
437 1310
1595 1310
2715 1310
148 1313
1101 1313
1587 1313
1895 1313
2066 1313
2399 1313
494 1314
785 1315
2513 1315
9 1316
716 1316
1502 1316
2630 1316
909 1317
2204 1317
2517 1317
708 1320
1063 1321
617 1322
1831 1322
2681 1322
1830 1323
592 1324
2236 1324
258 1327
409 1327
1200 1327
1585 1327
346 1328
1252 1328
2234 1328
2610 1328
1465 1330
2087 1331
2371 1331
2458 1331
2547 1331
937 1332
827 1334
955 1334
2417 1334
2715 1334
489 1335
592 1335
1490 1336
417 1337
502 1337
1066 1337
1417 1337
1548 1337
2128 1337
2517 1337
2546 1337
2669 1337
2512 1339
417 1340
787 1340
1658 1340
1938 1340
680 1343
257 1344
540 1344
1144 1344
2632 1344
241 1345
774 1345
1231 1345
54 1347
230 1347
373 1347
572 1347
1025 1347
1179 1347
1220 1347
1250 1347
1490 1347
2175 1347
809 1349
2663 1349
543 1350
42 1352
62 1352
79 1352
175 1352
608 1352
827 1352
893 1352
1896 1352
1924 1352
1596 1353
706 1355
1393 1356
1827 1357
2498 1358
2643 1358
190 1359
1711 1359
2151 1359
307 1361
1247 1361
1959 1361
2380 1361
2416 1361
2596 1362
274 1363
1054 1363
1513 1363
1987 1363
498 1366
2659 1366
202 1367
428 1367
1709 1367
1857 1367
44 1369
883 1369
1036 1369
1088 1369
1692 1369
1838 1369
1869 1369
2278 1369
2460 1370
478 1372
190 1373
196 1373
456 1373
498 1373
817 1373
1054 1373
1225 1373
2103 1373
2454 1373
2320 1374
937 1375
722 1376
1465 1376
1475 1376
1566 1376
323 1377
815 1378
1738 1378
2309 1378
579 1380
1160 1380
1946 1380
2252 1380
1738 1382
2712 1382
2264 1384
38 1387
476 1387
527 1387
756 1387
862 1387
1147 1387
1787 1387
1805 1387
1921 1387
1957 1387
1976 1387
2013 1387
2249 1387
2738 1387
220 1388
261 1388
1536 1388
2286 1388
1748 1390
498 1391
1419 1391
2168 1391
37 1392
698 1392
1501 1392
1630 1392
2309 1392
1356 1393
185 1394
1935 1394
2314 1394
2562 1394
2623 1397
1100 1398
650 1399
210 1400
2473 1400
534 1401
546 1401
839 1401
1863 1401
232 1404
1187 1406
2445 1408
672 1410
798 1410
1191 1410
1693 1411
1840 1411
2448 1411
2526 1411
1194 1414
1493 1414
737 1415
2144 1415
2371 1415
2086 1416
2160 1416
1337 1417
1391 1419
1594 1420
354 1421
719 1421
1638 1422
650 1424
539 1426
1610 1427
1665 1427
1014 1429
695 1431
2333 1431
2420 1431
2309 1435
756 1437
2476 1437
436 1438
714 1438
1054 1438
272 1439
1297 1442
1709 1442
2519 1442
370 1443
684 1443
1602 1444
359 1446
318 1449
536 1449
625 1449
1803 1449
2731 1449
952 1451
773 1454
1054 1454
1928 1454
818 1455
2234 1456
2267 1456
2496 1456
340 1457
2423 1457
934 1458
1480 1458
571 1459
50 1460
713 1465
1126 1465
1246 1465
1330 1465
1376 1465
1696 1465
1939 1465
2217 1465
103 1466
275 1466
820 1466
2605 1466
1144 1467
1200 1467
1585 1467
1613 1467
1654 1467
2026 1467
2080 1467
2596 1468
102 1469
2001 1469
985 1470
2437 1470
205 1471
774 1471
1097 1471
2685 1471
581 1472
191 1473
807 1473
1489 1473
2145 1473
402 1474
1376 1475
1742 1475
2715 1475
244 1476
351 1476
2678 1476
1690 1477
318 1478
351 1478
1458 1480
1693 1480
2327 1482
14 1483
307 1485
403 1485
700 1485
747 1485
1126 1485
1197 1485
1507 1485
1690 1485
1728 1485
1939 1485
1959 1485
1986 1485
2050 1485
2061 1485
2315 1485
2372 1485
2416 1485
539 1486
1250 1486
2488 1486
2620 1486
238 1487
295 1487
360 1487
449 1487
490 1487
497 1487
520 1487
563 1487
690 1487
1108 1487
1538 1487
2442 1487
2517 1487
507 1488
1105 1488
810 1489
1473 1489
2022 1489
67 1490
152 1490
1057 1490
1188 1490
1336 1490
1347 1490
1645 1490
1685 1490
1755 1490
1808 1490
2087 1490
2200 1490
2236 1490
365 1491
703 1493
1414 1493
2333 1493
2366 1493
121 1498
600 1498
1039 1498
1591 1498
1825 1498
2605 1498
756 1499
892 1500
1243 1500
1392 1501
2027 1501
640 1502
940 1502
1045 1502
1316 1502
1687 1502
2113 1502
1239 1503
251 1507
747 1507
1485 1507
1716 1507
2140 1507
182 1508
238 1508
563 1508
690 1508
872 1508
1119 1508
1125 1508
1940 1508
2043 1508
2391 1508
883 1509
1676 1509
2090 1509
177 1511
318 1511
816 1511
1613 1511
252 1512
458 1512
1740 1512
113 1513
310 1513
370 1513
394 1513
523 1513
565 1513
696 1513
726 1513
914 1513
1082 1513
1145 1513
1234 1513
1363 1513
1542 1513
1574 1513
1719 1513
1735 1513
1803 1513
2197 1513
2265 1513
2513 1513
2151 1514
2437 1514
316 1515
347 1515
627 1515
645 1515
771 1515
1071 1515
1183 1515
1269 1515
1646 1515
1722 1515
2654 1515
1162 1516
2059 1516
2488 1516
664 1518
2374 1518
2437 1520
199 1522
303 1522
531 1522
1830 1522
1064 1524
2322 1524
224 1526
1261 1528
2233 1528
1011 1529
2718 1530
1638 1534
1702 1534
2517 1535
202 1536
205 1536
220 1536
1388 1536
2729 1536
403 1538
451 1538
520 1538
557 1538
628 1538
849 1538
1101 1538
1257 1538
1302 1538
1487 1538
1666 1538
2163 1538
2384 1538
2501 1538
23 1539
703 1539
1752 1539
1980 1540
2160 1540
318 1541
1054 1541
1585 1541
1613 1541
1513 1542
200 1544
1260 1544
2384 1544
1090 1545
836 1546
654 1547
783 1547
1915 1547
1337 1548
370 1550
1168 1550
217 1552
766 1552
2255 1556
1179 1557
439 1560
462 1560
787 1560
200 1561
1187 1561
1874 1561
2090 1561
2635 1561
595 1562
606 1562
815 1562
1050 1562
2309 1562
652 1563
1041 1563
807 1564
838 1566
1376 1566
1621 1566
1769 1566
2281 1566
1097 1567
1854 1567
1220 1569
1604 1569
2447 1569
2678 1569
966 1570
2037 1570
296 1572
403 1572
560 1572
885 1572
2428 1572
740 1573
897 1573
1736 1573
330 1574
370 1574
696 1574
903 1574
1121 1574
1145 1574
1513 1574
1719 1574
1792 1574
1905 1574
2265 1574
2546 1574
2735 1574
1088 1576
253 1577
885 1579
361 1580
504 1580
679 1580
1282 1580
1663 1580
1783 1580
1883 1581
775 1583
966 1583
2122 1583
52 1585
70 1585
1130 1585
1327 1585
1467 1585
1541 1585
2220 1585
2160 1586
190 1587
1313 1587
1881 1587
1308 1591
1498 1591
1733 1591
2212 1591
555 1592
194 1593
1420 1594
2517 1594
437 1595
1310 1595
2517 1595
498 1596
1144 1596
1225 1596
1353 1596
2204 1596
461 1597
806 1597
918 1597
1776 1597
2547 1597
854 1601
2408 1601
256 1602
267 1602
349 1602
533 1602
691 1602
816 1602
914 1602
1056 1602
1093 1602
1444 1602
1645 1602
1849 1602
152 1604
1057 1604
1569 1604
1054 1605
1200 1605
1613 1605
2524 1605
354 1606
2022 1607
117 1608
401 1609
271 1610
600 1610
894 1610
1427 1610
2115 1610
533 1612
2520 1612
45 1613
52 1613
94 1613
168 1613
176 1613
201 1613
343 1613
487 1613
528 1613
628 1613
787 1613
788 1613
819 1613
938 1613
957 1613
1067 1613
1130 1613
1467 1613
1511 1613
1541 1613
1605 1613
1735 1613
2097 1613
2610 1613
802 1617
706 1618
807 1618
1239 1618
1682 1618
1740 1618
2299 1618
815 1619
1738 1619
2309 1619
274 1620
2737 1620
1566 1621
1941 1621
2042 1621
2620 1622
893 1623
2643 1623
520 1625
2237 1625
2442 1625
2627 1625
1969 1627
601 1628
1690 1629
156 1630
260 1630
1025 1630
1392 1630
198 1631
759 1631
955 1631
2146 1631
2632 1631
2718 1631
841 1633
1188 1633
2090 1633
179 1635
1661 1637
65 1638
565 1638
1101 1638
1160 1638
1300 1638
1302 1638
1422 1638
1534 1638
1660 1638
1735 1638
1813 1638
2116 1638
2153 1638
2513 1638
2646 1638
2725 1638
280 1640
860 1640
2195 1640
509 1642
2585 1642
677 1643
1242 1643
2081 1643
2201 1643
1085 1644
2016 1644
259 1645
1490 1645
1602 1645
413 1646
678 1646
1009 1646
1515 1646
1187 1647
1260 1647
2090 1647
2635 1647
706 1648
798 1648
1082 1650
2098 1650
2149 1650
97 1653
121 1653
583 1653
651 1653
1722 1653
2076 1653
45 1654
664 1654
675 1654
756 1654
786 1654
821 1654
1275 1654
1467 1654
1753 1654
1794 1654
2374 1654
2403 1654
2496 1654
2524 1655
2720 1655
1340 1658
436 1659
614 1659
219 1660
1302 1660
1638 1660
1689 1660
2427 1660
2716 1660
21 1661
339 1661
463 1661
579 1661
767 1661
885 1661
1637 1661
1951 1661
2525 1661
2626 1661
2716 1661
783 1662
1068 1662
2236 1662
2610 1662
1024 1663
1260 1663
1264 1663
1580 1663
2090 1663
936 1665
966 1665
1057 1665
1427 1665
1695 1665
2122 1665
2328 1665
1538 1666
171 1668
417 1668
434 1668
508 1668
628 1668
841 1668
1700 1668
1824 1668
2080 1668
2083 1668
2128 1668
2633 1668
2063 1669
309 1670
280 1671
1128 1671
355 1672
1011 1672
836 1673
2554 1674
133 1675
194 1676
1181 1676
1509 1676
2151 1676
2168 1676
138 1677
688 1677
1004 1677
2281 1677
2343 1677
2645 1677
1973 1679
501 1682
617 1682
690 1682
787 1682
872 1682
1618 1682
252 1683
539 1683
1068 1683
2087 1683
2236 1683
2584 1683
2620 1683
1490 1685
1687 1685
1986 1685
2335 1685
2678 1685
1502 1687
1685 1687
1992 1687
2309 1687
2397 1687
2623 1687
1660 1689
2124 1689
54 1690
67 1690
439 1690
605 1690
1297 1690
1477 1690
1485 1690
1629 1690
1761 1690
1878 1690
2487 1690
2537 1690
2576 1690
1005 1691
1369 1692
364 1693
873 1693
1070 1693
1297 1693
1411 1693
1480 1693
2080 1693
2519 1693
2549 1693
1665 1695
479 1696
1465 1696
232 1700
499 1700
1668 1700
1892 1700
1969 1700
2610 1700
216 1702
1534 1702
227 1704
822 1704
827 1704
1197 1704
2412 1704
2618 1704
2517 1705
524 1706
421 1709
539 1709
578 1709
738 1709
824 1709
1144 1709
1367 1709
1442 1709
2146 1709
2616 1709
174 1711
551 1711
723 1711
940 1711
1259 1711
1359 1711
1801 1711
2333 1711
2700 1711
273 1713
1268 1713
893 1715
506 1716
662 1716
1081 1716
1507 1716
1866 1716
2112 1716
2416 1716
2424 1716
2590 1717
370 1719
696 1719
1145 1719
1513 1719
1574 1719
2197 1719
2265 1719
253 1720
544 1720
545 1720
571 1720
635 1720
795 1720
796 1720
974 1720
1775 1720
2020 1720
2271 1720
2555 1720
756 1721
2479 1721
12 1722
706 1722
974 1722
1515 1722
1653 1722
523 1723
1834 1723
2458 1723
435 1726
354 1727
2661 1727
351 1728
747 1728
1485 1728
2428 1731
437 1733
1591 1733
2518 1733
324 1734
659 1734
2626 1734
1302 1735
1513 1735
1613 1735
1638 1735
1871 1735
2513 1735
638 1736
1573 1736
2281 1736
934 1738
966 1738
1378 1738
1382 1738
1619 1738
2198 1738
2260 1738
723 1740
1512 1740
1618 1740
532 1742
774 1742
1097 1742
1475 1742
1824 1742
2712 1742
282 1743
1926 1743
2380 1743
2151 1745
860 1746
1036 1748
1390 1748
2489 1748
279 1751
349 1751
1260 1751
2635 1751
161 1752
167 1752
623 1752
1307 1752
1539 1752
69 1753
401 1753
526 1753
1654 1753
2151 1753
966 1754
2333 1754
133 1755
194 1755
252 1755
258 1755
489 1755
804 1755
1490 1755
200 1757
1085 1757
2016 1757
1122 1760
2456 1760
2639 1760
67 1761
439 1761
1083 1761
1690 1761
924 1762
1034 1765
1144 1765
2140 1765
1189 1766
2458 1767
1566 1769
202 1770
691 1770
756 1770
841 1770
929 1770
1275 1770
2126 1770
2267 1770
324 1772
2166 1772
635 1775
1198 1775
1720 1775
2134 1775
2686 1775
1597 1776
1024 1777
1264 1777
1990 1780
2449 1780
1144 1781
1024 1783
1264 1783
1580 1783
716 1784
1387 1787
204 1788
354 1788
655 1788
2062 1788
125 1791
439 1791
724 1791
756 1791
1915 1791
370 1792
696 1792
1145 1792
1574 1792
2197 1792
2460 1792
177 1794
286 1794
703 1794
988 1794
1654 1794
22 1795
117 1795
139 1795
356 1795
691 1795
1078 1795
1907 1795
2001 1795
2394 1795
2586 1795
2680 1795
493 1796
959 1796
2452 1796
881 1797
1014 1799
1174 1799
312 1801
322 1801
331 1801
464 1801
830 1801
872 1801
1711 1801
1838 1801
177 1802
1846 1802
366 1803
529 1803
1147 1803
1205 1803
1449 1803
1513 1803
2567 1803
2666 1803
2675 1803
180 1804
183 1804
230 1804
581 1804
1960 1804
2210 1804
2455 1804
2699 1804
194 1805
1387 1805
1869 1805
666 1806
439 1807
1490 1808
200 1809
755 1809
1250 1810
808 1811
351 1812
489 1812
581 1812
2195 1812
2236 1812
2458 1812
1638 1813
2496 1813
139 1814
142 1814
251 1814
539 1814
1949 1814
2010 1814
2456 1814
99 1815
232 1815
2706 1815
2022 1816
2093 1816
2097 1816
2517 1817
885 1821
2458 1822
1200 1823
525 1824
1083 1824
1668 1824
1742 1824
1969 1824
1498 1825
1971 1825
1014 1826
1357 1827
1323 1830
1522 1830
1322 1831
25 1833
926 1833
190 1834
756 1834
789 1834
808 1834
817 1834
1014 1834
1303 1834
1723 1834
1985 1834
639 1836
723 1836
2595 1836
205 1838
259 1838
1369 1838
1801 1838
722 1840
1105 1840
1411 1840
2686 1842
2073 1843
572 1845
203 1846
304 1846
405 1846
442 1846
580 1846
846 1846
1276 1846
1802 1846
2059 1846
2318 1846
2327 1846
2453 1846
2601 1846
901 1848
1260 1848
2635 1848
1602 1849
1040 1850
1981 1850
2074 1850
419 1852
784 1852
1018 1852
1226 1852
773 1854
885 1854
1567 1854
1858 1854
2108 1854
794 1856
833 1856
1118 1856
1225 1856
2496 1856
2581 1856
2663 1856
114 1857
134 1857
534 1857
839 1857
1367 1857
1863 1857
2198 1857
1251 1858
1854 1858
2014 1858
1947 1859
2681 1859
2453 1860
175 1862
893 1862
428 1863
1401 1863
1857 1863
2572 1863
327 1864
1225 1864
1969 1864
1716 1866
1949 1866
2724 1866
314 1867
518 1867
2173 1867
2384 1867
2592 1867
2286 1868
2577 1868
116 1869
343 1869
756 1869
1369 1869
1805 1869
2007 1869
2176 1869
2626 1869
2547 1870
1097 1871
1735 1871
2513 1871
2538 1871
2610 1871
2642 1871
200 1874
279 1874
373 1874
690 1874
872 1874
911 1874
921 1874
1066 1874
1087 1874
1561 1874
1917 1874
2090 1874
2635 1874
954 1876
1040 1876
2732 1876
380 1877
756 1877
789 1877
893 1877
1014 1877
2681 1877
1056 1878
1690 1878
1022 1879
2326 1880
114 1881
1587 1881
2399 1881
2457 1881
2602 1881
2611 1881
1220 1883
1581 1883
808 1884
2281 1884
2487 1884
293 1885
1181 1887
2168 1887
13 1888
609 1888
2101 1888
2107 1888
2314 1888
2568 1888
150 1890
2303 1890
2582 1890
2643 1890
288 1892
1700 1892
2052 1892
152 1893
1214 1893
1986 1893
2537 1893
869 1894
387 1895
1313 1895
1352 1896
251 1897
804 1897
2437 1898
153 1899
822 1899
1054 1900
2593 1900
2610 1900
317 1901
2639 1901
1941 1902
754 1903
1024 1903
2517 1903
1295 1905
1574 1905
1907 1905
2013 1905
2064 1905
2172 1905
2256 1905
2278 1905
2372 1905
488 1906
536 1906
570 1906
862 1906
1095 1906
1238 1906
2000 1906
2371 1906
1795 1907
1905 1907
2681 1907
2724 1908
2206 1909
2423 1910
2504 1910
2163 1911
306 1912
680 1912
1150 1912
1206 1912
1252 1912
2137 1912
1547 1915
1791 1915
200 1917
1187 1917
1260 1917
1874 1917
2090 1917
2503 1917
860 1919
576 1920
1145 1920
1150 1920
2665 1920
2726 1920
740 1921
1387 1921
2343 1921
789 1923
934 1923
62 1924
79 1924
318 1924
1167 1924
1352 1924
2135 1924
2293 1924
2523 1924
2554 1924
756 1925
1240 1925
2435 1925
2613 1925
282 1926
1743 1926
2058 1926
2495 1926
176 1928
544 1928
587 1928
773 1928
1054 1928
1454 1928
2610 1928
876 1930
2035 1930
133 1931
462 1931
175 1934
916 1934
1394 1935
488 1936
2577 1936
2592 1936
1340 1938
312 1939
370 1939
1126 1939
1465 1939
1485 1939
2127 1939
2523 1939
2560 1939
1508 1940
1621 1941
1902 1941
1974 1941
2256 1941
171 1942
601 1942
1018 1942
1215 1942
2191 1942
1187 1945
1260 1945
2090 1945
463 1946
1160 1946
1380 1946
2252 1946
31 1947
32 1947
33 1947
146 1947
379 1947
581 1947
667 1947
795 1947
862 1947
878 1947
1010 1947
1077 1947
1092 1947
1859 1947
2172 1947
2281 1947
2449 1947
2561 1947
2576 1947
2614 1947
2631 1947
2699 1947
56 1949
324 1949
1012 1949
1081 1949
1151 1949
1295 1949
1814 1949
1866 1949
2141 1949
2256 1949
252 1950
992 1950
1661 1951
194 1953
261 1953
1243 1954
2011 1954
136 1955
403 1955
1167 1955
2307 1956
2340 1956
1387 1957
420 1959
747 1959
1361 1959
1485 1959
860 1960
1804 1960
2343 1960
2458 1960
2639 1960
115 1964
581 1964
2576 1967
1627 1969
1700 1969
1824 1969
1864 1969
2712 1969
395 1971
449 1971
1239 1971
1825 1971
2050 1971
1679 1973
804 1974
1941 1974
2639 1974
251 1975
2647 1975
470 1976
1014 1976
1166 1976
1387 1976
2087 1976
2584 1976
2567 1978
2675 1978
194 1980
623 1980
746 1980
1083 1980
1540 1980
2166 1980
2437 1980
2686 1980
2724 1980
1850 1981
538 1982
1005 1983
314 1984
1011 1984
2716 1984
756 1985
1834 1985
788 1986
1485 1986
1685 1986
1893 1986
2560 1986
145 1987
1363 1987
1097 1988
952 1989
2204 1989
2361 1989
1780 1990
2076 1991
2458 1991
592 1992
1031 1992
1687 1992
2087 1992
2276 1992
63 1993
882 1994
23 1996
1906 2000
1469 2001
1795 2001
2403 2004
2605 2005
2713 2005
180 2006
912 2006
2014 2006
2071 2006
2634 2006
1869 2007
196 2010
335 2010
569 2010
826 2010
1192 2010
1227 2010
1814 2010
2487 2010
866 2011
1954 2011
2694 2011
439 2013
489 2013
747 2013
1387 2013
1905 2013
2195 2013
610 2014
1017 2014
1041 2014
1089 2014
1167 2014
1201 2014
1267 2014
1858 2014
2006 2014
2455 2014
2590 2014
2663 2014
2677 2014
1085 2016
1644 2016
1757 2016
2177 2016
2415 2016
2463 2016
1244 2017
2330 2019
1720 2020
190 2022
436 2022
1204 2022
1293 2022
1489 2022
1607 2022
1816 2022
2103 2022
2350 2022
2437 2022
2623 2022
292 2024
893 2026
1067 2026
1467 2026
1501 2027
1092 2031
1930 2035
2738 2035
1570 2037
1085 2038
324 2039
795 2039
1010 2039
2576 2039
2693 2039
200 2040
1260 2040
530 2041
747 2041
2166 2041
2724 2041
1621 2042
1508 2043
553 2047
2166 2049
2606 2049
271 2050
1485 2050
1971 2050
2059 2050
232 2052
601 2052
626 2052
1892 2052
2724 2054
1054 2057
1926 2058
2281 2058
23 2059
203 2059
238 2059
295 2059
405 2059
442 2059
489 2059
1088 2059
1162 2059
1180 2059
1276 2059
1516 2059
1846 2059
2050 2059
2308 2059
2327 2059
2658 2059
2684 2059
377 2060
940 2061
1075 2061
1485 2061
2237 2061
581 2062
747 2062
815 2062
919 2062
1788 2062
1669 2063
1905 2064
827 2066
916 2066
1313 2066
1243 2069
2160 2069
2081 2070
652 2071
1043 2071
2006 2071
2706 2071
194 2073
1843 2073
1850 2074
1653 2076
1991 2076
1467 2080
1668 2080
1693 2080
2633 2080
659 2081
700 2081
1231 2081
1643 2081
2070 2081
2141 2081
2256 2081
2487 2081
2091 2082
490 2083
492 2083
563 2083
1668 2083
940 2084
258 2085
2437 2085
1416 2086
2582 2086
2643 2086
379 2087
450 2087
1095 2087
1135 2087
1331 2087
1490 2087
1683 2087
1976 2087
1992 2087
2133 2087
107 2088
1051 2088
2240 2088
2574 2088
2674 2088
448 2090
454 2090
690 2090
799 2090
872 2090
911 2090
924 2090
1002 2090
1148 2090
1509 2090
1561 2090
1633 2090
1647 2090
1663 2090
1874 2090
1917 2090
1945 2090
2470 2090
2503 2090
2563 2090
2580 2090
519 2091
2082 2091
2648 2091
783 2093
1051 2093
1816 2093
2574 2093
2658 2093
175 2094
518 2096
2384 2096
2555 2096
2592 2096
69 2097
1200 2097
1613 2097
1816 2097
2168 2097
1650 2098
1239 2099
14 2100
216 2100
609 2101
1888 2101
2326 2101
258 2102
272 2102
817 2102
1083 2102
2437 2102
2536 2102
2724 2102
451 2103
555 2103
893 2103
1373 2103
2022 2103
165 2104
671 2105
2280 2105
609 2107
1888 2107
51 2108
1854 2108
418 2109
439 2109
592 2109
1014 2109
2255 2109
2326 2110
1716 2112
2359 2112
202 2113
1502 2113
45 2115
1610 2115
306 2116
565 2116
1128 2116
1638 2116
710 2117
1261 2117
1282 2117
2690 2117
401 2118
804 2119
202 2120
804 2120
2584 2120
2690 2120
1583 2122
1665 2122
1689 2124
1770 2126
1939 2127
2567 2127
2675 2127
652 2128
1337 2128
1668 2128
723 2129
1194 2129
2302 2131
2087 2133
2236 2133
2681 2133
1775 2134
2445 2134
79 2135
1924 2135
2523 2135
2554 2135
178 2137
836 2137
952 2137
1912 2137
2559 2137
601 2139
1507 2140
1765 2140
251 2141
351 2141
371 2141
478 2141
1949 2141
2081 2141
494 2142
845 2143
1415 2144
306 2145
490 2145
1171 2145
1473 2145
2179 2145
2217 2145
2397 2145
1631 2146
1709 2146
2668 2146
747 2148
788 2148
2371 2148
1650 2149
343 2151
406 2151
756 2151
1121 2151
1359 2151
1514 2151
1676 2151
1745 2151
1753 2151
2676 2151
1638 2153
2716 2155
1166 2157
601 2160
830 2160
1416 2160
1540 2160
1586 2160
2069 2160
2593 2160
2647 2160
841 2161
402 2163
520 2163
1538 2163
1911 2163
2650 2163
709 2164
1278 2164
2643 2164
2663 2164
194 2166
419 2166
633 2166
814 2166
912 2166
944 2166
1772 2166
1980 2166
2041 2166
2049 2166
2176 2166
2307 2166
2435 2166
2553 2166
2640 2166
2674 2167
45 2168
394 2168
517 2168
686 2168
1281 2168
1391 2168
1676 2168
1887 2168
2097 2168
2395 2168
439 2169
1076 2171
1123 2171
212 2172
1905 2172
1947 2172
314 2173
1867 2173
2180 2173
2716 2173
1347 2175
1869 2176
2166 2176
2437 2176
2724 2176
1085 2177
2016 2177
2145 2179
518 2180
943 2180
2173 2180
2384 2180
2592 2180
679 2181
783 2182
1232 2182
2340 2182
1054 2183
2623 2183
436 2185
706 2186
2678 2186
418 2190
258 2191
536 2191
601 2191
783 2191
1942 2191
2488 2191
2738 2191
53 2193
63 2193
218 2194
1640 2195
1812 2195
2013 2195
2458 2195
2693 2195
370 2197
903 2197
1145 2197
1513 2197
1719 2197
1792 2197
2265 2197
258 2198
439 2198
1194 2198
1738 2198
1857 2198
2613 2198
828 2200
954 2200
1490 2200
1643 2201
2458 2203
952 2204
1255 2204
1317 2204
1596 2204
1989 2204
498 2205
611 2206
932 2206
940 2206
966 2206
979 2206
1909 2206
2623 2206
2517 2208
2612 2209
1039 2210
1804 2210
2482 2211
401 2212
437 2212
1591 2212
1298 2214
1122 2216
2255 2216
1465 2217
2145 2217
1200 2220
1585 2220
258 2227
1068 2227
2236 2227
860 2230
1025 2232
860 2233
1528 2233
1328 2234
1456 2234
2267 2234
31 2236
33 2236
70 2236
374 2236
382 2236
570 2236
667 2236
823 2236
1019 2236
1082 2236
1095 2236
1135 2236
1292 2236
1324 2236
1490 2236
1662 2236
1683 2236
1812 2236
2133 2236
2227 2236
2561 2236
2636 2236
1625 2237
2061 2237
170 2238
324 2238
523 2238
707 2238
795 2238
2704 2238
1243 2239
67 2240
940 2240
2088 2240
2584 2240
401 2241
498 2241
783 2241
2653 2242
1014 2243
1088 2244
356 2245
2458 2245
1191 2248
728 2249
1387 2249
553 2250
2496 2250
601 2251
1054 2251
1247 2251
463 2252
486 2252
1160 2252
1380 2252
1946 2252
201 2255
523 2255
541 2255
550 2255
643 2255
661 2255
756 2255
876 2255
1030 2255
1094 2255
1218 2255
1556 2255
2109 2255
2216 2255
2579 2255
2713 2255
251 2256
1905 2256
1941 2256
1949 2256
2081 2256
2671 2259
2684 2259
1738 2260
2309 2260
2412 2261
176 2263
1384 2264
370 2265
696 2265
727 2265
1145 2265
1513 2265
1574 2265
1719 2265
2197 2265
1067 2266
202 2267
635 2267
929 2267
1171 2267
1456 2267
1770 2267
2234 2267
2294 2267
2549 2267
1180 2268
1720 2271
2458 2271
2277 2272
202 2273
770 2276
1992 2276
280 2277
1281 2277
2272 2277
2403 2277
1369 2278
1905 2278
201 2279
2105 2280
23 2281
216 2281
680 2281
688 2281
1061 2281
1566 2281
1677 2281
1736 2281
1884 2281
1947 2281
2058 2281
2343 2281
706 2282
798 2282
261 2286
1388 2286
1868 2286
437 2287
332 2290
632 2290
1189 2290
2321 2291
79 2293
259 2293
1924 2293
979 2294
2267 2294
2333 2294
783 2295
171 2296
591 2296
1102 2296
219 2297
1009 2297
174 2299
1618 2299
101 2300
2131 2302
14 2303
1890 2303
184 2304
34 2305
2309 2305
1083 2307
1956 2307
2166 2307
2724 2307
252 2308
755 2308
783 2308
2059 2308
51 2309
309 2309
606 2309
934 2309
966 2309
980 2309
1212 2309
1292 2309
1378 2309
1392 2309
1435 2309
1562 2309
1619 2309
1687 2309
2260 2309
2305 2309
2493 2309
2495 2309
2532 2309
2724 2309
268 2310
324 2310
947 2310
2313 2310
954 2313
2310 2313
2371 2313
2584 2313
2601 2313
609 2314
1394 2314
1888 2314
1485 2315
233 2316
2462 2316
846 2318
1846 2318
1374 2320
2291 2321
611 2322
807 2322
966 2322
1083 2322
1220 2322
1524 2322
2528 2322
2595 2322
2615 2322
2637 2322
802 2324
2681 2325
2724 2325
756 2326
1880 2326
2101 2326
2110 2326
203 2327
506 2327
826 2327
846 2327
1482 2327
1846 2327
2059 2327
1665 2328
2019 2330
307 2331
252 2332
202 2333
237 2333
547 2333
1282 2333
1431 2333
1493 2333
1711 2333
1754 2333
2294 2333
2339 2333
2352 2333
2680 2333
53 2335
63 2335
737 2335
968 2335
1159 2335
1685 2335
2544 2335
2343 2336
552 2339
807 2339
966 2339
2333 2339
2694 2339
331 2340
1232 2340
1956 2340
2182 2340
2538 2340
2642 2340
379 2342
1061 2342
1213 2342
183 2343
513 2343
637 2343
792 2343
812 2343
858 2343
964 2343
1142 2343
1194 2343
1677 2343
1921 2343
1960 2343
2281 2343
2336 2343
2349 2343
2368 2343
2631 2343
2403 2344
2571 2345
1297 2347
966 2348
2493 2348
944 2349
2343 2349
2022 2350
2561 2351
647 2352
1016 2352
1098 2352
2333 2352
2664 2356
2498 2357
2516 2357
2608 2357
1154 2358
1028 2359
2112 2359
323 2361
1989 2361
354 2362
791 2363
583 2366
723 2366
1194 2366
1493 2366
2733 2366
1205 2367
2529 2367
2343 2368
175 2369
893 2369
1036 2369
265 2371
324 2371
569 2371
947 2371
1331 2371
1415 2371
1906 2371
2148 2371
2313 2371
2487 2371
1485 2372
1905 2372
232 2374
312 2374
1026 2374
1189 2374
1518 2374
1654 2374
2716 2374
202 2375
747 2376
1361 2380
1743 2380
77 2381
314 2384
1538 2384
1544 2384
1867 2384
2096 2384
2180 2384
2592 2384
2716 2384
1197 2386
1122 2387
68 2388
682 2389
378 2391
1508 2391
14 2393
1795 2394
190 2395
2168 2395
2428 2395
351 2396
489 2396
592 2396
1687 2397
2145 2397
114 2399
1313 2399
1881 2399
2611 2399
892 2401
1109 2402
84 2403
796 2403
857 2403
1144 2403
1654 2403
2004 2403
2277 2403
2344 2403
1601 2408
194 2411
205 2412
1704 2412
2261 2412
2618 2412
1067 2414
1085 2415
2016 2415
747 2416
1361 2416
1485 2416
1716 2416
955 2417
1334 2417
206 2420
1431 2420
2610 2422
1457 2423
1910 2423
1716 2424
601 2425
785 2427
877 2427
1660 2427
442 2428
737 2428
1122 2428
1572 2428
1731 2428
2395 2428
194 2435
1925 2435
2166 2435
113 2437
125 2437
181 2437
522 2437
662 2437
686 2437
724 2437
732 2437
756 2437
821 2437
864 2437
944 2437
1470 2437
1514 2437
1520 2437
1898 2437
1980 2437
2022 2437
2085 2437
2102 2437
2176 2437
2566 2437
2671 2437
1056 2438
198 2442
490 2442
1024 2442
1264 2442
1487 2442
1625 2442
172 2443
550 2443
786 2443
27 2445
167 2445
250 2445
1408 2445
2134 2445
356 2446
581 2446
189 2447
205 2447
323 2447
401 2447
546 2447
1569 2447
2451 2447
1411 2448
194 2449
251 2449
470 2449
489 2449
581 2449
1780 2449
1947 2449
230 2451
252 2451
479 2451
1179 2451
1220 2451
2447 2451
2678 2451
179 2452
272 2452
510 2452
536 2452
1796 2452
177 2453
188 2453
553 2453
1846 2453
1860 2453
2721 2453
723 2454
1373 2454
1804 2455
2014 2455
1760 2456
1814 2456
205 2457
1881 2457
31 2458
33 2458
180 2458
251 2458
661 2458
691 2458
795 2458
992 2458
1082 2458
1135 2458
1331 2458
1723 2458
1767 2458
1812 2458
1822 2458
1960 2458
1991 2458
2195 2458
2203 2458
2245 2458
2271 2458
2561 2458
2636 2458
283 2460
786 2460
844 2460
1370 2460
1792 2460
2467 2460
2490 2460
2733 2460
2316 2462
1085 2463
2016 2463
360 2465
490 2465
1119 2465
1260 2465
2517 2465
893 2466
2582 2466
2643 2466
2460 2467
347 2469
2090 2470
1400 2473
74 2476
983 2476
1437 2476
2506 2476
2633 2476
37 2478
176 2478
701 2478
1721 2479
2211 2482
1260 2483
413 2484
444 2485
258 2487
439 2487
594 2487
1250 2487
1690 2487
1884 2487
2010 2487
2081 2487
2371 2487
233 2488
323 2488
457 2488
823 2488
1095 2488
1147 2488
1162 2488
1486 2488
1516 2488
2191 2488
699 2489
1748 2489
2460 2490
1041 2493
1157 2493
1172 2493
2309 2493
2348 2493
1926 2495
2309 2495
679 2496
758 2496
1456 2496
1654 2496
1813 2496
1856 2496
2250 2496
1358 2498
2357 2498
1016 2500
1538 2501
156 2502
200 2503
924 2503
1087 2503
1260 2503
1917 2503
2090 2503
2635 2503
746 2504
985 2504
1910 2504
402 2505
2476 2506
2678 2506
437 2508
940 2508
67 2509
279 2509
940 2509
754 2510
1339 2512
1302 2513
1315 2513
1513 2513
1638 2513
1735 2513
1871 2513
413 2514
2596 2515
402 2516
2357 2516
119 2517
247 2517
451 2517
500 2517
726 2517
776 2517
930 2517
949 2517
1317 2517
1337 2517
1487 2517
1535 2517
1594 2517
1595 2517
1705 2517
1817 2517
1903 2517
2208 2517
2465 2517
708 2518
1733 2518
5 2519
314 2519
428 2519
1014 2519
1126 2519
1254 2519
1442 2519
1693 2519
747 2520
1612 2520
1261 2521
1076 2522
1123 2522
62 2523
79 2523
125 2523
658 2523
957 2523
1247 2523
1924 2523
1939 2523
2135 2523
2733 2523
587 2524
1605 2524
1655 2524
2720 2524
339 2525
463 2525
885 2525
1661 2525
488 2526
1411 2526
2557 2526
255 2528
2322 2528
1261 2529
2367 2529
1009 2530
2555 2530
2309 2532
577 2533
2712 2534
2102 2536
439 2537
592 2537
747 2537
791 2537
1307 2537
1690 2537
1893 2537
1871 2538
2340 2538
418 2539
439 2540
592 2541
53 2544
63 2544
137 2544
392 2544
648 2544
704 2544
901 2544
2335 2544
2730 2544
312 2545
1337 2546
1574 2546
452 2547
1218 2547
1331 2547
1597 2547
1870 2547
327 2549
1693 2549
2267 2549
2613 2549
581 2550
1303 2551
937 2552
940 2552
808 2553
2166 2553
62 2554
79 2554
171 2554
1127 2554
1674 2554
1924 2554
2135 2554
635 2555
1720 2555
2096 2555
2530 2555
175 2556
251 2557
676 2557
796 2557
2526 2557
194 2558
439 2558
470 2558
1250 2558
680 2559
882 2559
934 2559
2137 2559
1939 2560
1986 2560
251 2561
489 2561
581 2561
1947 2561
2236 2561
2351 2561
2458 2561
1394 2562
1187 2563
2090 2563
966 2564
2637 2564
2679 2564
2437 2566
1803 2567
1978 2567
2127 2567
1888 2568
1081 2569
519 2571
2345 2571
534 2572
839 2572
1243 2572
1863 2572
24 2574
2088 2574
2093 2574
200 2575
1690 2576
1947 2576
1967 2576
2039 2576
488 2577
676 2577
1868 2577
1936 2577
2682 2577
1167 2578
2255 2579
200 2580
1187 2580
2090 2580
2635 2580
1856 2581
165 2582
611 2582
1890 2582
2086 2582
2466 2582
2643 2582
154 2584
391 2584
495 2584
588 2584
876 2584
1030 2584
1094 2584
1216 2584
1218 2584
1683 2584
1976 2584
2120 2584
2240 2584
2313 2584
2705 2584
1642 2585
1166 2586
1795 2586
1717 2590
2014 2590
95 2592
306 2592
314 2592
520 2592
703 2592
1048 2592
1867 2592
1936 2592
2096 2592
2180 2592
2384 2592
2716 2592
1900 2593
2160 2593
1836 2595
2322 2595
187 2596
1362 2596
1468 2596
2515 2596
650 2599
979 2600
754 2601
1846 2601
2313 2601
1881 2602
1225 2603
219 2605
820 2605
1144 2605
1466 2605
1498 2605
2005 2605
1281 2606
2049 2606
2713 2606
402 2608
2357 2608
760 2609
52 2610
773 2610
824 2610
1244 2610
1328 2610
1613 2610
1662 2610
1700 2610
1871 2610
1900 2610
1928 2610
2422 2610
919 2611
1881 2611
2399 2611
2209 2612
83 2613
1219 2613
1925 2613
2198 2613
2549 2613
1947 2614
860 2615
2322 2615
1709 2616
977 2618
1075 2618
1704 2618
2412 2618
68 2620
180 2620
1486 2620
1622 2620
1683 2620
732 2621
959 2623
1082 2623
1397 2623
1687 2623
2022 2623
2183 2623
2206 2623
966 2625
252 2626
747 2626
1661 2626
1734 2626
1869 2626
198 2627
490 2627
1024 2627
1264 2627
1625 2627
1009 2628
194 2629
2724 2629
699 2630
1316 2630
2738 2630
740 2631
860 2631
1088 2631
1947 2631
2343 2631
257 2632
289 2632
617 2632
1038 2632
1055 2632
1344 2632
1631 2632
1668 2633
2080 2633
2476 2633
2006 2634
144 2635
200 2635
392 2635
448 2635
642 2635
690 2635
872 2635
911 2635
924 2635
1021 2635
1087 2635
1148 2635
1208 2635
1260 2635
1561 2635
1647 2635
1751 2635
1848 2635
1874 2635
2503 2635
2580 2635
126 2636
251 2636
489 2636
581 2636
2236 2636
2458 2636
354 2637
2322 2637
2564 2637
209 2639
530 2639
1760 2639
1901 2639
1960 2639
1974 2639
1258 2640
2166 2640
755 2641
928 2642
1871 2642
2340 2642
165 2643
1358 2643
1623 2643
1890 2643
2086 2643
2164 2643
2466 2643
2582 2643
1677 2645
1638 2646
1975 2647
2160 2647
2091 2648
1260 2649
402 2650
2163 2650
286 2653
349 2653
678 2653
2242 2653
678 2654
706 2654
1515 2654
90 2655
24 2658
196 2658
2059 2658
2093 2658
1366 2659
1727 2661
833 2663
1118 2663
1278 2663
1349 2663
1856 2663
2014 2663
2164 2663
966 2664
2356 2664
119 2665
1150 2665
1920 2665
1803 2666
29 2667
491 2667
444 2668
893 2668
2146 2668
1337 2669
2259 2671
2437 2671
372 2673
190 2674
2088 2674
2167 2674
1803 2675
1978 2675
2127 2675
406 2676
686 2676
1216 2676
2151 2676
2014 2677
27 2678
760 2678
806 2678
945 2678
1057 2678
1476 2678
1569 2678
1685 2678
2186 2678
2451 2678
2506 2678
2564 2679
356 2680
1795 2680
2333 2680
116 2681
756 2681
970 2681
1242 2681
1322 2681
1859 2681
1877 2681
1907 2681
2133 2681
2325 2681
2705 2681
488 2682
2577 2682
165 2684
252 2684
783 2684
1180 2684
2059 2684
2259 2684
2716 2684
1471 2685
465 2686
635 2686
691 2686
1775 2686
1842 2686
1980 2686
319 2687
752 2690
2117 2690
2120 2690
5 2693
167 2693
592 2693
2039 2693
2195 2693
2011 2694
2339 2694
115 2695
351 2699
356 2699
489 2699
581 2699
1307 2699
1804 2699
1947 2699
1711 2700
779 2701
950 2701
1239 2702
807 2703
194 2704
470 2704
2238 2704
142 2705
539 2705
1022 2705
1068 2705
2584 2705
2681 2705
640 2706
926 2706
1011 2706
1815 2706
2071 2706
885 2707
2716 2707
356 2708
592 2709
1243 2709
35 2712
177 2712
232 2712
475 2712
618 2712
1279 2712
1283 2712
1382 2712
1742 2712
1969 2712
2534 2712
151 2713
272 2713
966 2713
2005 2713
2255 2713
2606 2713
259 2714
202 2715
1310 2715
1334 2715
1475 2715
95 2716
281 2716
339 2716
349 2716
463 2716
518 2716
593 2716
885 2716
997 2716
1660 2716
1661 2716
1984 2716
2155 2716
2173 2716
2374 2716
2384 2716
2592 2716
2684 2716
2707 2716
395 2717
828 2717
954 2717
1046 2718
1081 2718
1530 2718
1631 2718
462 2720
1655 2720
2524 2720
2453 2721
11 2724
258 2724
624 2724
810 2724
985 2724
1226 2724
1866 2724
1908 2724
1980 2724
2041 2724
2054 2724
2102 2724
2176 2724
2307 2724
2309 2724
2325 2724
2629 2724
1638 2725
576 2726
1150 2726
1237 2726
1920 2726
80 2728
328 2728
1024 2728
1291 2728
1536 2729
53 2730
63 2730
2544 2730
252 2731
351 2731
716 2731
1449 2731
1876 2732
1252 2733
2366 2733
2460 2733
2523 2733
1574 2735
509 2737
650 2737
706 2737
850 2737
1620 2737
74 2738
203 2738
548 2738
554 2738
575 2738
800 2738
1215 2738
1387 2738
2035 2738
2191 2738
2630 2738
756 2740
789 2740
