0	43383
1	37006
2	41450
3	35735
4	43384
5	35808
6	31396
7	41481
8	36329
9	49638
10	43772
11	32875
12	33602
13	33072
14	32936
15	31141
16	40877
17	41207
18	31665
19	33541
20	41511
21	39452
22	33617
23	36427
24	41498
25	41689
26	35306
27	44039
28	38548
29	41227
30	43437
31	36122
32	36104
33	35054
34	41503
35	36648
36	34570
37	40876
38	38113
39	37222
40	40946
41	39074
42	40871
43	43120
44	40860
45	34434
46	40859
47	36645
48	3354888
49	31647
50	41602
51	32921
52	37427
53	33117
54	38091
55	37187
56	31397
57	30982
58	37430
59	41118
60	37225
61	33155
62	38758
63	33949
64	45931
65	33096
66	35731
67	44801
68	38753
69	33539
70	34354
71	37455
72	43003
73	37462
74	34585
75	35235
76	35788
77	40920
78	33123
79	39987
80	35091
81	36571
82	38750
83	38375
84	32611
85	32777
86	36606
87	39885
88	36059
89	48317
90	38812
91	39884
92	44831
93	34250
94	40257
95	36613
96	41082
97	38746
98	41579
99	35971
100	31208
101	36619
102	43415
103	41294
104	35241
105	36760
106	44148
107	50441
108	36626
109	39252
110	36111
111	41547
112	48973
113	43570
114	38170
115	35438
116	37135
117	38735
118	37790
119	36638
120	35759
121	36639
122	33408
123	36641
124	39769
125	33016
126	39509
127	37152
128	39360
129	36643
130	43232
131	42788
132	41518
133	43535
134	33971
135	3355127
136	53566
137	35162
138	48440
139	45880
140	39740
141	42789
142	32042
143	42777
144	48312
145	30977
146	41952
147	41597
148	38256
149	38478
150	35955
151	35934
152	36292
153	38727
154	39535
155	35101
156	31799
157	41168
158	35103
159	42772
160	43823
161	38726
162	32303
163	44097
164	35234
165	33961
166	40849
167	35298
168	40509
169	37510
170	31879
171	42651
172	38540
173	33013
174	35228
175	34042
176	42816
177	38631
178	36650
179	36425
180	36532
181	33966
182	31256
183	37624
184	36651
185	37434
186	42814
187	39956
188	36652
189	43724
190	50026
191	35076
192	50124
193	39545
194	39546
195	40792
196	35185
197	35106
198	42998
199	42811
200	36138
201	36654
202	326245
203	31373
204	31357
205	42808
206	45680
207	39504
208	31970
209	31043
210	42804
211	50196
212	41704
213	32581
214	36542
215	35533
216	42802
217	40717
218	40627
219	40287
220	44748
221	35222
222	36492
223	43017
224	34187
225	49847
226	40760
227	36662
228	41433
229	36663
230	39040
231	117368
232	39224
233	42794
234	33108
235	36670
236	34773
237	36671
238	45830
239	47594
240	32752
241	35256
242	38669
243	40843
244	47869
245	42619
246	43230
247	36676
248	42678
249	49228
250	31003
251	40795
252	33657
253	34374
254	34414
255	38718
256	35048
257	41042
258	38717
259	34152
260	41945
261	37108
262	40739
263	34263
264	35055
265	38184
266	40790
267	44005
268	40745
269	41740
270	42596
271	35977
272	33532
273	40779
274	49241
275	42797
276	33066
277	53578
278	35098
279	43167
280	39237
281	37475
282	39386
283	44531
284	38428
285	41599
286	41984
287	40672
288	318867
289	37706
290	32996
291	37471
292	43700
293	40814
294	42721
295	34875
296	37464
297	35621
298	31132
299	37194
300	36848
301	42028
302	35192
303	33989
304	39483
305	31054
306	41443
307	34312
308	42957
309	32482
310	40062
311	37781
312	43126
313	37344
314	37982
315	42026
316	33337
317	43216
318	35253
319	35013
320	39402
321	40632
322	35122
323	34058
324	37854
325	34502
326	42020
327	43829
328	35125
329	37123
330	37565
331	38422
332	35130
333	35084
334	35132
335	35478
336	32148
337	38713
338	35246
339	44183
340	48632
341	35248
342	38944
343	35254
344	42199
345	33121
346	42070
347	42421
348	35856
349	42801
350	35229
351	42267
352	37846
353	35258
354	37453
355	31342
356	35128
357	35888
358	33908
359	42810
360	40484
361	33968
362	43231
363	39217
364	42817
365	31411
366	39031
367	35119
368	44014
369	42034
370	34894
371	35486
372	35279
373	35817
374	32302
375	39796
376	37591
377	34505
378	35818
379	35110
380	246604
381	35490
382	34098
383	35491
384	35513
385	36736
386	40787
387	32125
388	38082
389	40242
390	39313
391	38527
392	39408
393	38229
394	37837
395	37413
396	40087
397	39844
398	38831
399	40085
400	39404
401	31450
402	37456
403	40398
404	35261
405	37560
406	48805
407	32588
408	40828
409	33529
410	31167
411	37229
412	32341
413	37537
414	36530
415	35260
416	36428
417	35488
418	40657
419	32612
420	35268
421	39234
422	39033
423	38696
424	40104
425	35174
426	35359
427	38688
428	42979
429	38685
430	40522
431	38675
432	39293
433	34080
434	33258
435	42172
436	32271
437	43650
438	43777
439	38666
440	35576
441	35176
442	38664
443	37235
444	39419
445	47208
446	38661
447	33193
448	40101
449	42440
450	41344
451	37447
452	40577
453	45786
454	41167
455	40342
456	31520
457	39002
458	40341
459	41305
460	34126
461	43051
462	39275
463	36327
464	41139
465	43052
466	43053
467	40554
468	32975
469	36383
470	39429
471	39726
472	40336
473	36629
474	32191
475	36963
476	32876
477	37393
478	36430
479	38195
480	36429
481	49505
482	34722
483	41445
484	37392
485	31082
486	38406
487	41399
488	246588
489	37387
490	33346
491	34777
492	43061
493	33842
494	43693
495	43063
496	36004
497	49892
498	31697
499	33237
500	43265
501	40332
502	43035
503	40331
504	34677
505	50466
506	32381
507	33018
508	40330
509	36303
510	39156
511	49260
512	38645
513	35662
514	38643
515	40240
516	33774
517	40325
518	40834
519	40002
520	40313
521	37823
522	38635
523	41023
524	34189
525	41533
526	32844
527	35266
528	31613
529	31558
530	42367
531	42544
532	39440
533	33111
534	41589
535	40732
536	36034
537	39420
538	32692
539	35147
540	35184
541	36121
542	31143
543	37528
544	35152
545	43657
546	39434
547	32746
548	35262
549	36170
550	39438
551	38615
552	37075
553	31426
554	36330
555	32866
556	38610
557	38953
558	35303
559	31667
560	35169
561	37153
562	39428
563	33790
564	42144
565	34269
566	43099
567	41160
568	39423
569	41566
570	39421
571	42460
572	42999
573	38600
574	33419
575	38602
576	43689
577	35151
578	36339
579	39425
580	31097
581	246439
582	37142
583	44879
584	43635
585	40937
586	31589
587	36491
588	35196
589	40805
590	32594
591	35524
592	33712
593	31593
594	37793
595	32840
596	38997
597	36674
598	37415
599	33686
600	40607
601	36556
602	39374
603	42684
604	41758
605	41747
606	40850
607	39078
608	31816
609	41350
610	39418
611	37957
612	35381
613	37195
614	36461
615	39525
616	40263
617	40094
618	34685
619	40508
620	43288
621	35296
622	33090
623	34307
624	35289
625	35404
626	39513
627	39954
628	36787
629	35523
630	39524
631	39470
632	32958
633	35206
634	41600
635	46246
636	36830
637	40052
638	39760
639	39467
640	31189
641	44668
642	32090
643	31291
644	39456
645	38436
646	35297
647	34293
648	40569
649	33259
650	31300
651	41858
652	31310
653	42086
654	32299
655	38033
656	41549
657	326148
658	44207
659	43236
660	43984
661	40095
662	36472
663	32292
664	33959
665	31388
666	40453
667	34342
668	42787
669	39201
670	43584
671	31016
672	37105
673	33473
674	39094
675	36298
676	38386
677	39159
678	46091
679	43839
680	38883
681	40146
682	36481
683	32610
684	37274
685	36290
686	33749
687	36959
688	33412
689	37696
690	326131
691	45524
692	38915
693	34873
694	35245
695	35195
696	33353
697	38443
698	37713
699	36277
700	41432
701	40679
702	34997
703	42341
704	33409
705	34477
706	42399
707	33384
708	48450
709	42394
710	37418
711	41066
712	40798
713	40952
714	33898
715	41581
716	43842
717	40847
718	31264
719	37058
720	36205
721	49803
722	33487
723	36747
724	37472
725	37106
726	42508
727	41080
728	40538
729	36720
730	35305
731	38798
732	37130
733	43396
734	34514
735	44497
736	36951
737	42187
738	39462
739	40724
740	35309
741	50302
742	39459
743	42754
744	40354
745	35310
746	42164
747	46415
748	35078
749	38970
750	38757
751	35311
752	41166
753	37554
754	31743
755	36374
756	3355013
757	48785
758	31746
759	31358
760	36520
761	38207
762	31764
763	39210
764	39450
765	37502
766	32409
767	42731
768	38928
769	38668
770	43433
771	39599
772	31961
773	32818
774	40714
775	34771
776	40720
777	40073
778	40725
779	37256
780	34848
781	41940
782	48481
783	37762
784	35378
785	38549
786	33263
787	43096
788	32345
789	37214
790	38369
791	39457
792	41034
793	39460
794	39464
795	39093
796	44029
797	33006
798	35958
799	40576
800	43938
801	31760
802	37261
803	31078
804	41090
805	42516
806	37284
807	40639
808	50286
809	39712
810	49997
811	37289
812	34619
813	39918
814	37524
815	38511
816	43180
817	34752
818	43827
819	37617
820	43830
821	37659
822	37699
823	43832
824	34828
825	42097
826	35646
827	44544
828	32350
829	41182
830	40940
831	35016
832	32032
833	50457
834	44011
835	33901
836	42982
837	41392
838	37036
839	43162
840	36260
841	33916
842	35665
843	37872
844	35669
845	37302
846	33319
847	35673
848	40510
849	2768999
850	37339
851	42858
852	33973
853	32334
854	37851
855	41776
856	35674
857	45398
858	32101
859	33806
860	47251
861	43838
862	32563
863	40624
864	43721
865	44054
866	39881
867	32335
868	48309
869	37341
870	43284
871	40622
872	38829
873	37301
874	50350
875	37905
876	42358
877	43314
878	39677
879	32323
880	35501
881	35751
882	40016
883	35660
884	39826
885	39615
886	32321
887	42517
888	37774
889	31269
890	42854
891	40233
892	32319
893	37143
894	42478
895	40129
896	37330
897	37932
898	33934
899	31059
900	34364
901	37788
902	39148
903	31698
904	33043
905	38859
906	41153
907	41058
908	37792
909	41771
910	33943
911	31657
912	34839
913	31772
914	34023
915	35764
916	35800
917	41964
918	38444
919	33300
920	44132
921	36131
922	32511
923	33946
924	33935
925	31778
926	32751
927	40116
928	32015
929	34912
930	37285
931	35546
932	45845
933	31788
934	43734
935	30975
936	40302
937	37266
938	31955
939	37247
940	38587
941	252554
942	40613
943	40820
944	40414
945	41461
946	37614
947	34225
948	40411
949	36264
950	40409
951	41489
952	39481
953	33130
954	40489
955	39479
956	41406
957	37419
958	40600
959	46234
960	31795
961	39129
962	33460
963	319064
964	41159
965	39476
966	39478
967	33241
968	35567
969	37527
970	31585
971	37534
972	249663
973	50379
974	42757
975	31533
976	40897
977	38262
978	39493
979	33170
980	31804
981	40919
982	40599
983	48571
984	36730
985	37755
986	48373
987	36726
988	32444
989	32624
990	37760
991	43228
992	42709
993	42656
994	32132
995	40367
996	40713
997	33468
998	31942
999	37355
1000	41550
1001	38471
1002	35155
1003	43312
1004	36580
1005	38116
1006	33925
1007	40844
1008	33944
1009	37317
1010	44007
1011	38464
1012	40711
1013	41932
1014	37946
1015	42435
1016	35892
1017	33941
1018	34588
1019	12797896
1020	33940
1021	35584
1022	43710
1023	42975
1024	38472
1025	42934
1026	43703
1027	326108
1028	38534
1029	31943
1030	38543
1031	42132
1032	32001
1033	38552
1034	36974
1035	36054
1036	36154
1037	43539
1038	39271
1039	38554
1040	31813
1041	41105
1042	37574
1043	37201
1044	40803
1045	36102
1046	31062
1047	40676
1048	33560
1049	31065
1050	34381
1051	32641
1052	42177
1053	31067
1054	35052
1055	36272
1056	31069
1057	35690
1058	44540
1059	43402
1060	49821
1061	31270
1062	32648
1063	40474
1064	38286
1065	43867
1066	36057
1067	42354
1068	31793
1069	37264
1070	34681
1071	326246
1072	31079
1073	37866
1074	42526
1075	31083
1076	36321
1077	36975
1078	40894
1079	41931
1080	31381
1081	40126
1082	40469
1083	31090
1084	35550
1085	32788
1086	42145
1087	41038
1088	41185
1089	40467
1090	53554
1091	40300
1092	36439
1093	33175
1094	33142
1095	37919
1096	41102
1097	33179
1098	42343
1099	40309
1100	32670
1101	35473
1102	38682
1103	37514
1104	34013
1105	40529
1106	38923
1107	35893
1108	32557
1109	40461
1110	34934
1111	41122
1112	33882
1113	33184
1114	40582
1115	44505
1116	38376
1117	43793
1118	44098
1119	42173
1120	43585
1121	41138
1122	43150
1123	48337
1124	48339
1125	40163
1126	40458
1127	31351
1128	40543
1129	39772
1130	38412
1131	41867
1132	33896
1133	37636
1134	39381
1135	34962
1136	32507
1137	46027
1138	32780
1139	3355124
1140	40412
1141	43012
1142	43235
1143	40205
1144	41037
1145	36592
1146	39376
1147	33196
1148	3355126
1149	39357
1150	32413
1151	43756
1152	40956
1153	40084
1154	35212
1155	31151
1156	43769
1157	38077
1158	34220
1159	32362
1160	41660
1161	42848
1162	35337
1163	38503
1164	38881
1165	38480
1166	37836
1167	34736
1168	36469
1169	32850
1170	38473
1171	33260
1172	31158
1173	33197
1174	42933
1175	33194
1176	50032
1177	31957
1178	44392
1179	33841
1180	34286
1181	42484
1182	38576
1183	38574
1184	39496
1185	40856
1186	33061
1187	31332
1188	326195
1189	38456
1190	45894
1191	31598
1192	35425
1193	42465
1194	34816
1195	31050
1196	36071
1197	33557
1198	31048
1199	47763
1200	39317
1201	41802
1202	32471
1203	32982
1204	40009
1205	35205
1206	32514
1207	42410
1208	40644
1209	34176
1210	32106
1211	32104
1212	40643
1213	38719
1214	40986
1215	32774
1216	33044
1217	50003
1218	33670
1219	47757
1220	33388
1221	37999
1222	32088
1223	33033
1224	32079
1225	39552
1226	37297
1227	41031
1228	38937
1229	32074
1230	31052
1231	36110
1232	43004
1233	31669
1234	44326
1235	41871
1236	39679
1237	33814
1238	39646
1239	31609
1240	34075
1241	45325
1242	47877
1243	41454
1244	43000
1245	42906
1246	39507
1247	36678
1248	32453
1249	32954
1250	31519
1251	34275
1252	32145
1253	31600
1254	38963
1255	36687
1256	40259
1257	38221
1258	39213
1259	35595
1260	38259
1261	42450
1262	41650
1263	43424
1264	33715
1265	34326
1266	33232
1267	33279
1268	36409
1269	43016
1270	40382
1271	43023
1272	41620
1273	43041
1274	36802
1275	34917
1276	41256
1277	36545
1278	31605
1279	43435
1280	38694
1281	35015
1282	43093
1283	36527
1284	31406
1285	34087
1286	43050
1287	40193
1288	43441
1289	42371
1290	31361
1291	42291
1292	43446
1293	37523
1294	46813
1295	40221
1296	32537
1297	32167
1298	39405
1299	33215
1300	36423
1301	36123
1302	33820
1303	43449
1304	46243
1305	41746
1306	43056
1307	38088
1308	42076
1309	38156
1310	40749
1311	41431
1312	38942
1313	36400
1314	41214
1315	43450
1316	36188
1317	46391
1318	38413
1319	41309
1320	44791
1321	32067
1322	39895
1323	31066
1324	39004
1325	37209
1326	33207
1327	43009
1328	34184
1329	41935
1330	35333
1331	37205
1332	40967
1333	41067
1334	37683
1335	41068
1336	53435
1337	36594
1338	41071
1339	35696
1340	35793
1341	41072
1342	43353
1343	41079
1344	37280
1345	50007
1346	42444
1347	41085
1348	35594
1349	39619
1350	39175
1351	37314
1352	43481
1353	39518
1354	40637
1355	42003
1356	31321
1357	38326
1358	36893
1359	35216
1360	40617
1361	38421
1362	37783
1363	38411
1364	42972
1365	42900
1366	38404
1367	45840
1368	38232
1369	35343
1370	38233
1371	38238
1372	34529
1373	38076
1374	39172
1375	38396
1376	34274
1377	33859
1378	32733
1379	37167
1380	43259
1381	32198
1382	37055
1383	42970
1384	35526
1385	45233
1386	44548
1387	41306
1388	37734
1389	32696
1390	43694
1391	34696
1392	43644
1393	41706
1394	35715
1395	32113
1396	39203
1397	38173
1398	39690
1399	35198
1400	42648
1401	43132
1402	38017
1403	43266
1404	41423
1405	47954
1406	31856
1407	42184
1408	35712
1409	43467
1410	34393
1411	31805
1412	43176
1413	43665
1414	44750
1415	35329
1416	38085
1417	41035
1418	41622
1419	31853
1420	31782
1421	41921
1422	40014
1423	42703
1424	35767
1425	35766
1426	41029
1427	38021
1428	35215
1429	34674
1430	33840
1431	31869
1432	36328
1433	36044
1434	33347
1435	40728
1436	33171
1437	53436
1438	43281
1439	36031
1440	32512
1441	35620
1442	40272
1443	31682
1444	35741
1445	35163
1446	38028
1447	40534
1448	42142
1449	42391
1450	38891
1451	40621
1452	39077
1453	40655
1454	42369
1455	40690
1456	40689
1457	40279
1458	48228
1459	40630
1460	33167
1461	35414
1462	31393
1463	32083
1464	40718
1465	34106
1466	38324
1467	42594
1468	33335
1469	34806
1470	34494
1471	33685
1472	44851
1473	32932
1474	34371
1475	39821
1476	32934
1477	41708
1478	45775
1479	31197
1480	36811
1481	39945
1482	36897
1483	32969
1484	37476
1485	43345
1486	36988
1487	38864
1488	32631
1489	42833
1490	43692
1491	37748
1492	42340
1493	41532
1494	39138
1495	39279
1496	38315
1497	40203
1498	41633
1499	44339
1500	37542
1501	31011
1502	44870
1503	326156
1504	42621
1505	39689
1506	43659
1507	36420
1508	32490
1509	40232
1510	41144
1511	38060
1512	44446
1513	42174
1514	32585
1515	45269
1516	34903
1517	42218
1518	42843
1519	33283
1520	36157
1521	42166
1522	39193
1523	49816
1524	37035
1525	40178
1526	38197
1527	32604
1528	45922
1529	42784
1530	39071
1531	41222
1532	35066
1533	34487
1534	36564
1535	36093
1536	32629
1537	36363
1538	36410
1539	35232
1540	12798460
1541	37157
1542	35062
1543	33652
1544	42662
1545	42143
1546	31336
1547	37416
1548	36216
1549	34630
1550	37732
1551	36209
1552	34884
1553	35347
1554	33849
1555	31157
1556	44391
1557	35034
1558	41959
1559	38301
1560	43217
1561	34634
1562	35498
1563	38389
1564	43958
1565	43342
1566	34038
1567	43332
1568	32729
1569	33034
1570	32799
1571	32689
1572	37303
1573	40671
1574	39027
1575	34942
1576	40305
1577	38330
1578	38355
1579	38131
1580	41722
1581	31279
1582	36025
1583	41846
1584	40767
1585	40701
1586	43771
1587	36740
1588	37433
1589	35698
1590	31211
1591	318562
1592	42075
1593	31174
1594	34847
1595	42831
1596	42285
1597	40031
1598	32892
1599	40386
1600	32488
1601	35503
1602	36271
1603	37412
1604	40040
1605	39527
1606	43245
1607	40781
1608	36314
1609	38693
1610	37759
1611	42221
1612	42820
1613	43128
1614	31226
1615	31272
1616	40694
1617	41113
1618	37269
1619	40003
1620	36595
1621	33249
1622	33797
1623	38154
1624	34506
1625	37619
1626	50289
1627	33203
1628	32974
1629	32987
1630	33589
1631	41425
1632	42632
1633	35900
1634	32393
1635	47718
1636	38044
1637	40822
1638	42253
1639	34092
1640	41316
1641	3355094
1642	38990
1643	33135
1644	31966
1645	42065
1646	39960
1647	38515
1648	41437
1649	37663
1650	34096
1651	33707
1652	50157
1653	35230
1654	31864
1655	31500
1656	31086
1657	34014
1658	40359
1659	38547
1660	33615
1661	32463
1662	36336
1663	32862
1664	43612
1665	32081
1666	35730
1667	36996
1668	39588
1669	252671
1670	31912
1671	43658
1672	33011
1673	42644
1674	50403
1675	36514
1676	31822
1677	31217
1678	31843
1679	42824
1680	32781
1681	53471
1682	33748
1683	33619
1684	39617
1685	42206
1686	33031
1687	33954
1688	31415
1689	31372
1690	33498
1691	32992
1692	33911
1693	32502
1694	43999
1695	38364
1696	40987
1697	32176
1698	41971
1699	35043
1700	32454
1701	37597
1702	38838
1703	32298
1704	37944
1705	48772
1706	39354
1707	35681
1708	35060
1709	53577
1710	37156
1711	34747
1712	38397
1713	48535
1714	38462
1715	31007
1716	36930
1717	38345
1718	35427
1719	3355175
1720	36903
1721	38352
1722	53579
1723	40677
1724	32260
1725	37685
1726	32513
1727	41903
1728	33120
1729	45525
1730	31626
1731	37378
1732	36655
1733	39221
1734	40900
1735	41253
1736	41229
1737	50415
1738	41231
1739	40105
1740	36129
1741	41250
1742	47141
1743	41261
1744	39375
1745	35727
1746	34171
1747	53557
1748	34879
1749	31851
1750	35622
1751	31840
1752	34292
1753	37971
1754	32955
1755	40578
1756	32766
1757	36642
1758	39695
1759	37382
1760	32852
1761	36623
1762	34796
1763	43330
1764	40590
1765	34412
1766	43333
1767	31384
1768	39349
1769	36917
1770	36103
1771	35370
1772	36091
1773	50446
1774	50432
1775	36089
1776	41480
1777	36046
1778	318855
1779	36050
1780	41562
1781	36124
1782	42175
1783	36134
1784	41627
1785	36136
1786	3355145
1787	36158
1788	43728
1789	36688
1790	38381
1791	36724
1792	45278
1793	40343
1794	37305
1795	40321
1796	34943
1797	40247
1798	43670
1799	41734
1800	36173
1801	41801
1802	45682
1803	40150
1804	32707
1805	32684
1806	32673
1807	32789
1808	43559
1809	39896
1810	32979
1811	32718
1812	39894
1813	35042
1814	40842
1815	31759
1816	36371
1817	42638
1818	35604
1819	33507
1820	53444
1821	39905
1822	34089
1823	40351
1824	37306
1825	39883
1826	39867
1827	41219
1828	39863
1829	35284
1830	31516
1831	37028
1832	39798
1833	39790
1834	39787
1835	34060
1836	38134
1837	39780
1838	37791
1839	50270
1840	33220
1841	39785
1842	33036
1843	36855
1844	40135
1845	39782
1846	40211
1847	39776
1848	39773
1849	34888
1850	37995
1851	31405
1852	39756
1853	39577
1854	35252
1855	38932
1856	37325
1857	43656
1858	33266
1859	42905
1860	39903
1861	35953
1862	40583
1863	35219
1864	31148
1865	36976
1866	34186
1867	34271
1868	33443
1869	34272
1870	34310
1871	34318
1872	34334
1873	43491
1874	40633
1875	32128
1876	32887
1877	34405
1878	33245
1879	45960
1880	33627
1881	34408
1882	36333
1883	34444
1884	41636
1885	39536
1886	36398
1887	40812
1888	31741
1889	36346
1890	43466
1891	36355
1892	42943
1893	32268
1894	36350
1895	35007
1896	36344
1897	34453
1898	38526
1899	31498
1900	36332
1901	43282
1902	33897
1903	36268
1904	41850
1905	36294
1906	33426
1907	42716
1908	38530
1909	36269
1910	35380
1911	36259
1912	42494
1913	36250
1914	36253
1915	36227
1916	34893
1917	41359
1918	31374
1919	40229
1920	36194
1921	318883
1922	36193
1923	34064
1924	36190
1925	33702
1926	36179
1927	38556
1928	50374
1929	33060
1930	31651
1931	50456
1932	39876
1933	35003
1934	35008
1935	43709
1936	38695
1937	42694
1938	38692
1939	36382
1940	38720
1941	41493
1942	38724
1943	42653
1944	38730
1945	41702
1946	39007
1947	53504
1948	38505
1949	37661
1950	36426
1951	31691
1952	34388
1953	35780
1954	36504
1955	31271
1956	36511
1957	37182
1958	31379
1959	36518
1960	246640
1961	34426
1962	36528
1963	37112
1964	36524
1965	31425
1966	36539
1967	42599
1968	43616
1969	39244
1970	36541
1971	41785
1972	36547
1973	38099
1974	34901
1975	31433
1976	31018
1977	2768920
1978	31004
1979	40035
1980	50143
1981	34160
1982	32233
1983	34167
1984	39316
1985	35705
1986	43654
1987	34161
1988	36084
1989	41695
1990	42912
1991	35635
1992	38614
1993	40270
1994	31407
1995	34509
1996	42588
1997	32307
1998	42574
1999	31369
2000	43862
2001	44258
2002	47065
2003	40663
2004	32214
2005	35500
2006	39676
2007	40001
2008	40700
2009	39600
2010	39315
2011	37079
2012	53446
2013	31382
2014	39602
2015	38768
2016	41873
2017	44086
2018	37407
2019	32627
2020	46074
2021	37496
2022	59239
2023	37497
2024	32470
2025	37518
2026	43571
2027	318160
2028	37521
2029	33262
2030	37526
2031	39091
2032	37596
2033	33527
2034	31229
2035	39938
2036	49080
2037	42316
2038	37598
2039	41484
2040	37608
2041	37637
2042	40196
2043	41259
2044	40506
2045	37689
2046	37673
2047	43117
2048	35400
2049	50133
2050	42216
2051	37839
2052	41552
2053	32566
2054	34969
2055	44276
2056	33583
2057	37911
2058	33661
2059	37930
2060	36232
2061	37937
2062	41844
2063	42829
2064	31960
2065	42840
2066	39771
2067	42883
2068	32487
2069	34109
2070	43595
2071	42921
2072	46069
2073	42923
2074	38871
2075	42930
2076	42931
2077	42941
2078	31095
2079	42942
2080	35694
2081	43775
2082	50073
2083	42948
2084	42961
2085	32131
2086	41775
2087	42987
2088	43020
2089	41642
2090	43059
2091	32966
2092	38956
2093	49424
2094	38922
2095	32361
2096	34550
2097	42609
2098	33236
2099	34056
2100	32122
2101	39922
2102	40008
2103	40154
2104	40013
2105	38488
2106	326157
2107	39168
2108	38583
2109	39768
2110	38582
2111	32367
2112	31037
2113	38557
2114	37702
2115	39929
2116	42363
2117	39951
2118	32806
2119	31586
2120	39531
2121	33268
2122	35430
2123	35907
2124	33984
2125	41922
2126	50428
2127	36953
2128	42573
2129	39306
2130	31679
2131	117496
2132	37684
2133	38296
2134	34727
2135	40218
2136	41347
2137	42733
2138	42719
2139	34507
2140	31235
2141	42668
2142	32282
2143	326255
2144	41730
2145	42634
2146	40165
2147	42627
2148	42610
2149	45039
2150	43681
2151	59150
2152	38094
2153	32530
2154	38096
2155	45021
2156	34842
2157	38708
2158	35717
2159	40294
2160	38100
2161	44786
2162	32536
2163	37254
2164	36307
2165	33105
2166	42749
2167	38230
2168	41364
2169	38240
2170	38242
2171	39889
2172	33267
2173	40159
2174	34155
2175	33656
2176	35968
2177	41174
2178	35277
2179	35270
2180	37486
2181	35280
2182	43604
2183	43307
2184	33868
2185	36832
2186	33831
2187	38843
2188	33857
2189	31118
2190	36324
2191	43873
2192	41823
2193	33828
2194	35680
2195	33826
2196	43434
2197	39685
2198	33779
2199	33760
2200	33757
2201	40545
2202	46040
2203	38294
2204	33758
2205	43490
2206	33739
2207	34799
2208	44072
2209	42620
2210	33714
2211	43517
2212	40678
2213	32586
2214	35867
2215	31220
2216	33214
2217	40432
2218	31172
2219	30996
2220	40308
2221	40046
2222	48903
2223	39403
2224	40051
2225	40071
2226	40186
2227	40086
2228	37688
2229	40156
2230	34022
2231	50259
2232	40282
2233	36270
2234	39500
2235	50287
2236	36076
2237	35364
2238	33607
2239	39814
2240	39463
2241	33736
2242	39432
2243	39414
2244	41863
2245	5740513
2246	34881
2247	36689
2248	39344
2249	246608
2250	44238
2251	35410
2252	40712
2253	43190
2254	35841
2255	39219
2256	39207
2257	40177
2258	39189
2259	53439
2260	50454
2261	34700
2262	39092
2263	40181
2264	40192
2265	39725
2266	42211
2267	33492
2268	32893
2269	32906
2270	3355072
2271	32622
2272	43427
2273	33677
2274	32950
2275	32953
2276	41383
2277	32309
2278	32964
2279	42591
2280	32948
2281	43808
2282	14462585
2283	34203
2284	32123
2285	42237
2286	32972
2287	32977
2288	117462
2289	32976
2290	33667
2291	34891
2292	34029
2293	32983
2294	37164
2295	39079
2296	53448
2297	41403
2298	32989
2299	35986
2300	43210
2301	326189
2302	34830
2303	43206
2304	34719
2305	43243
2306	31298
2307	40681
2308	34877
2309	34145
2310	41284
2311	37138
2312	42301
2313	42265
2314	31950
2315	41983
2316	42260
2317	42690
2318	42226
2319	42161
2320	32050
2321	42121
2322	42098
2323	34717
2324	39997
2325	41291
2326	39840
2327	41716
2328	39301
2329	41676
2330	43944
2331	41621
2332	41000
2333	41593
2334	32352
2335	32011
2336	37570
2337	43250
2338	32394
2339	35407
2340	31276
2341	40355
2342	31286
2343	38988
2344	31595
2345	38849
2346	31556
2347	31555
2348	34751
2349	40490
2350	32793
2351	40482
2352	37990
2353	40481
2354	37832
2355	35950
2356	36964
2357	44266
2358	34999
2359	36991
2360	37022
2361	31574
2362	34009
2363	32839
2364	35913
2365	49780
2366	37030
2367	40999
2368	43795
2369	37190
2370	37041
2371	43697
2372	43785
2373	41698
2374	43457
2375	43439
2376	39924
2377	43460
2378	37681
2379	33809
2380	43410
2381	44289
2382	34803
2383	43852
2384	34065
2385	42005
2386	43398
2387	37400
2388	43145
2389	43164
2390	40542
2391	43170
2392	35547
2393	33920
2394	43142
2395	31267
2396	41855
2397	43152
2398	40428
2399	39935
2400	43166
2401	33641
2402	38136
2403	47878
2404	44317
2405	43171
2406	40418
2407	246627
2408	40417
2409	40404
2410	36598
2411	33126
2412	40074
2413	35541
2414	3355144
2415	40893
2416	40866
2417	39254
2418	40864
2419	31846
2420	50467
2421	39212
2422	43836
2423	39845
2424	43532
2425	33136
2426	32499
2427	37122
2428	31880
2429	31439
2430	31031
2431	36497
2432	50366
2433	40733
2434	40530
2435	43267
2436	43812
2437	39763
2438	31261
2439	34963
2440	40535
2441	40546
2442	50160
2443	246595
2444	40558
2445	43952
2446	40603
2447	40069
2448	36587
2449	40831
2450	41281
2451	41628
2452	41289
2453	43316
2454	41275
2455	41298
2456	32258
2457	40015
2458	41317
2459	42821
2460	43682
2461	318595
2462	41379
2463	41155
2464	41395
2465	41397
2466	41401
2467	36686
2468	41414
2469	326142
2470	31195
2471	37374
2472	41456
2473	41467
2474	43727
2475	38821
2476	31780
2477	34781
2478	40997
2479	40687
2480	37964
2481	33444
2482	35847
2483	37581
2484	42572
2485	35798
2486	40403
2487	31787
2488	33288
2489	42140
2490	38655
2491	31140
2492	31142
2493	33358
2494	43488
2495	45250
2496	36984
2497	31139
2498	33981
2499	43300
2500	32748
2501	33514
2502	42867
2503	36778
2504	37959
2505	31147
2506	41718
2507	39888
2508	38754
2509	42730
2510	50082
2511	38797
2512	38792
2513	36360
2514	38800
2515	35331
2516	37929
2517	43086
2518	41762
2519	33648
2520	41789
2521	41662
2522	36843
2523	36159
2524	41803
2525	192507
2526	32246
2527	38972
2528	41854
2529	41887
2530	35134
2531	33675
2532	31664
2533	31295
2534	35167
2535	42148
2536	32455
2537	41244
2538	41888
2539	41982
2540	41994
2541	39314
2542	42000
2543	42661
2544	34800
2545	42001
2546	42850
2547	38912
2548	42240
2549	41993
2550	32740
2551	42004
2552	32169
2553	49713
2554	45906
2555	42015
2556	42024
2557	38732
2558	34537
2559	39808
2560	34572
2561	32582
2562	34589
2563	50442
2564	34598
2565	34590
2566	41310
2567	34837
2568	38414
2569	36804
2570	35340
2571	38388
2572	32443
2573	38454
2574	36854
2575	38470
2576	32605
2577	38485
2578	44021
2579	35385
2580	38489
2581	39136
2582	38487
2583	32022
2584	38492
2585	34423
2586	38502
2587	38508
2588	46078
2589	38510
2590	40369
2591	42328
2592	32448
2593	37207
2594	50396
2595	41192
2596	32824
2597	50123
2598	37102
2599	50206
2600	41499
2601	40410
2602	38775
2603	41639
2604	36280
2605	40942
2606	37166
2607	37756
2608	251984
2609	37181
2610	42239
2611	33360
2612	41057
2613	37002
2614	37215
2615	37250
2616	35422
2617	47082
2618	36727
2619	37258
2620	50202
2621	36028
2622	31349
2623	43926
2624	35312
2625	42728
2626	41404
2627	35082
2628	35080
2629	37500
2630	35085
2631	35114
2632	35161
2633	31248
2634	36018
2635	37935
2636	34359
2637	32092
2638	32065
2639	35600
2640	32051
2641	38870
2642	33791
2643	31729
2644	33271
2645	36395
2646	32202
2647	34488
2648	41040
2649	43400
2650	31343
2651	47852
2652	42105
2653	31924
2654	326115
2655	38363
2656	34845
2657	43946
2658	37386
2659	46066
2660	31991
2661	41847
2662	34504
2663	31975
2664	31715
2665	31742
2666	31748
2667	53580
2668	36068
2669	39083
2670	34814
2671	31353
2672	34610
2673	43633
2674	33578
2675	49895
2676	33141
2677	31221
2678	42274
2679	34131
2680	33616
2681	33630
2682	14462752
2683	33655
2684	32294
2685	40448
2686	34704
2687	34309
2688	38022
2689	33064
2690	37888
2691	33051
2692	37146
2693	33603
2694	41852
2695	31409
2696	33979
2697	35319
2698	44522
2699	37977
2700	37626
2701	42761
2702	34721
2703	34726
2704	35732
2705	42540
2706	41212
2707	43495
2708	43538
2709	36351
2710	43541
2711	43555
2712	42925
2713	43556
2714	43578
2715	42922
2716	43589
2717	36405
2718	43592
2719	31522
2720	42738
2721	43655
2722	43378
2723	44127
2724	43696
2725	36454
2726	40249
2727	34676
2728	50378
2729	41394
2730	33465
2731	40743
2732	40752
2733	40755
2734	40764
2735	36882
2736	45329
2737	33001
2738	31728
2739	31443
2740	41957
2741	39969
2742	40141
2743	33672
2744	32250
2745	35819
2746	36722
2747	38773
2748	37237
2749	36957
2750	42881
2751	38887
2752	34768
2753	32501
2754	53569
2755	37375
2756	32295
2757	42464
2758	41041
2759	36815
2760	33414
2761	32262
2762	36358
2763	32166
2764	32152
2765	31735
2766	32137
2767	38193
2768	40183
2769	34259
2770	36086
2771	32324
2772	39108
2773	43672
2774	39746
2775	140439
2776	32135
2777	31469
2778	38619
2779	40214
2780	40212
2781	38379
2782	44703
2783	3355006
2784	50169
2785	35445
2786	36041
2787	31524
2788	37690
2789	31254
2790	41955
2791	41842
2792	38281
2793	35072
2794	38152
2795	41626
2796	32274
2797	31385
2798	32542
2799	32549
2800	36985
2801	42443
2802	35687
2803	41767
2804	35684
2805	36865
2806	32020
2807	47091
2808	326128
2809	31988
2810	40140
2811	35677
2812	39645
2813	32285
2814	33029
2815	31451
2816	32768
2817	31792
2818	36379
2819	43720
2820	42106
2821	36362
2822	31766
2823	32452
2824	319048
2825	40959
2826	31666
2827	43401
2828	36009
2829	32016
2830	42669
2831	38644
2832	34136
2833	33436
2834	36019
2835	39135
2836	34321
2837	39131
2838	38161
2839	35199
2840	37787
2841	39130
2842	39195
2843	41100
2844	42439
2845	43780
2846	33501
2847	42261
2848	34378
2849	36022
2850	34528
2851	38365
2852	42687
2853	39433
2854	34788
2855	31751
2856	33574
2857	31834
2858	31662
2859	32836
2860	31315
2861	35292
2862	39242
2863	41026
2864	33640
2865	34741
2866	36338
2867	53516
2868	39770
2869	35648
2870	34769
2871	34539
2872	38840
2873	34807
2874	33750
2875	34558
2876	32700
2877	34809
2878	37220
2879	40291
2880	40487
2881	33333
2882	40702
2883	39339
2884	41926
2885	50205
2886	31925
2887	42048
2888	35417
2889	41778
2890	37754
2891	34091
2892	43161
2893	34715
2894	45040
2895	43318
2896	34709
2897	34054
2898	32111
2899	36460
2900	33526
2901	40548
2902	37602
2903	38322
2904	34077
2905	38323
2906	33474
2907	40973
2908	53445
2909	38916
2910	35610
2911	43192
2912	53541
2913	42438
2914	38241
2915	33047
2916	42590
2917	38591
2918	34413
2919	39736
2920	36473
2921	49070
2922	41652
2923	42567
2924	41651
2925	38067
2926	39882
2927	36479
2928	32114
2929	36810
2930	38367
2931	40966
2932	34465
2933	34471
2934	42729
2935	39390
2936	41273
2937	37864
2938	32567
2939	40226
2940	34485
2941	35845
2942	41565
2943	40148
2944	36064
2945	34370
2946	42697
2947	44254
2948	31121
2949	42758
2950	39373
2951	37328
2952	39052
2953	3354994
2954	53432
2955	43122
2956	38072
2957	40370
2958	38078
2959	43115
2960	36728
2961	42386
2962	32800
2963	33515
2964	33521
2965	37716
2966	41376
2967	43766
2968	38918
2969	42845
2970	31696
2971	33516
2972	43789
2973	37532
2974	33518
2975	34451
2976	33519
2977	31511
2978	33509
2979	35571
2980	42466
2981	40495
2982	36938
2983	42689
2984	36874
2985	34153
2986	31012
2987	40131
2988	41616
2989	43499
2990	39897
2991	35507
2992	33738
2993	44672
2994	31022
2995	31660
2996	44355
2997	43637
2998	39377
2999	32450
3000	39549
3001	39543
3002	43130
3003	43737
3004	38424
3005	38159
3006	32705
3007	36603
3008	35812
3009	33078
3010	326171
3011	50101
3012	38795
3013	43375
3014	36239
3015	36916
3016	34119
3017	43820
3018	37840
3019	32094
3020	31214
3021	38656
3022	317815
3023	43699
3024	33081
3025	36775
3026	37111
3027	37113
3028	43630
3029	3355114
3030	34495
3031	42022
3032	43079
3033	40276
3034	43278
3035	36414
3036	31165
3037	36411
3038	35341
3039	326226
3040	33573
3041	33139
3042	33143
3043	47765
3044	42759
3045	32107
3046	34395
3047	40275
3048	39989
3049	35540
3050	49808
3051	31465
3052	37290
3053	40549
3054	39494
3055	42313
3056	43981
3057	45307
3058	32278
3059	33356
3060	36001
3061	38407
3062	44783
3063	38398
3064	37005
3065	41490
3066	34294
3067	31663
3068	41879
3069	35773
3070	50356
3071	43567
3072	44913
3073	43841
3074	32794
3075	42032
3076	42141
3077	34162
3078	33402
3079	41165
3080	35998
3081	37815
3082	37216
3083	34191
3084	34780
3085	35985
3086	31965
3087	48552
3088	31810
3089	34110
3090	43369
3091	42050
3092	42743
3093	37336
3094	30995
3095	40160
3096	34996
3097	35000
3098	35004
3099	32896
3100	35005
3101	40991
3102	45380
3103	35918
3104	39717
3105	37481
3106	31877
3107	37137
3108	35702
3109	38164
3110	34808
3111	37884
3112	37357
3113	37358
3114	35747
3115	42146
3116	3355130
3117	42642
3118	32165
3119	38612
3120	32522
3121	37319
3122	39431
3123	37698
3124	35984
3125	34823
3126	31738
3127	37101
3128	37668
3129	43521
3130	43077
3131	33331
3132	43762
3133	34125
3134	38216
3135	37894
3136	42127
3137	34363
3138	35991
3139	33226
3140	41672
3141	31606
3142	31745
3143	33792
3144	40963
3145	37972
3146	37841
3147	32861
3148	36813
3149	40170
3150	33969
3151	41470
3152	48224
3153	31536
3154	50236
3155	36297
3156	36186
3157	37902
3158	35402
3159	43293
3160	37255
3161	37749
3162	37422
3163	35149
3164	43603
3165	36612
3166	31201
3167	31181
3168	32144
3169	37922
3170	33059
3171	38198
3172	38202
3173	35647
3174	38683
3175	32646
3176	41894
3177	49804
3178	49805
3179	34790
3180	37097
3181	41728
3182	38994
3183	35050
3184	45739
3185	36549
3186	32640
3187	42215
3188	34425
3189	40716
3190	35203
3191	319020
3192	39573
3193	31250
3194	43799
3195	34906
3196	39624
3197	37053
3198	39706
3199	36586
3200	32253
3201	39636
3202	37914
3203	32398
3204	43530
3205	35929
3206	59171
3207	40941
3208	35889
3209	43951
3210	43736
3211	59137
3212	59141
3213	53442
3214	34069
3215	326164
3216	59167
3217	59172
3218	31173
3219	35979
3220	32195
3221	43804
3222	42064
3223	12798472
3224	31858
3225	38432
3226	35946
3227	43428
3228	31661
3229	43504
3230	43798
3231	37733
3232	43755
3233	38081
3234	41831
3235	34260
3236	41914
3237	43588
3238	3354992
3239	31811
3240	31671
3241	43414
3242	43475
3243	32143
3244	38287
3245	33775
3246	40719
3247	38023
3248	43136
3249	37511
3250	40563
3251	35220
3252	35822
3253	37385
3254	31933
3255	38218
3256	37230
3257	32918
3258	44115
3259	40709
3260	42864
3261	36262
3262	31737
3263	39721
3264	31989
3265	41729
3266	43767
3267	35685
3268	32027
3269	34665
3270	32018
3271	35784
3272	39972
3273	34338
3274	35786
3275	43768
3276	32028
3277	326264
3278	40699
3279	34328
3280	43587
3281	32017
3282	34985
3283	44260
3284	35864
3285	32014
3286	40285
3287	35336
3288	41013
3289	43617
3290	35933
3291	35421
3292	44052
3293	36808
3294	39132
3295	40210
3296	31722
3297	31727
3298	33469
3299	41817
3300	42995
3301	36048
3302	31340
3303	32797
3304	40804
3305	41044
3306	42869
3307	35837
3308	42299
3309	32272
3310	34889
3311	38149
3312	42062
3313	40861
3314	5740629
3315	40904
3316	40863
3317	35379
3318	34433
3319	42702
3320	37299
3321	31249
3322	37778
3323	40934
3324	31341
3325	37852
3326	31322
3327	32680
3328	47611
3329	38842
3330	31258
3331	36386
3332	31259
3333	33304
3334	38004
3335	31260
3336	31030
3337	39048
3338	41661
3339	318572
3340	31265
3341	2768853
3342	42393
3343	31266
3344	41193
3345	39829
3346	40950
3347	48572
3348	33513
3349	33240
3350	33234
3351	31329
3352	39775
3353	33458
3354	43547
3355	31958
3356	35756
3357	42495
3358	40680
3359	40673
3360	36846
3361	40045
3362	41045
3363	41474
3364	33629
3365	36911
3366	42202
3367	33481
3368	38824
3369	33027
3370	48971
3371	31938
3372	34481
3373	31404
3374	33289
3375	30971
3376	32728
3377	246386
3378	40120
3379	45875
3380	33772
3381	36176
3382	36248
3383	39628
3384	39720
3385	39041
3386	41475
3387	43997
3388	35398
3389	37134
3390	37119
3391	40283
3392	38794
3393	40164
3394	37945
3395	37916
3396	31230
3397	34429
3398	37473
3399	34490
3400	40916
3401	31648
3402	31127
3403	31038
3404	41318
3405	45460
3406	40134
3407	45368
3408	45382
3409	36246
3410	37978
3411	37962
3412	3355132
3413	35549
3414	37070
3415	35494
3416	35552
3417	33638
3418	43157
3419	50225
3420	42928
3421	246650
3422	246653
3423	41459
3424	35670
3425	33645
3426	38852
3427	41963
3428	37818
3429	44736
3430	32792
3431	31213
3432	34716
3433	31622
3434	40661
3435	31395
3436	36289
3437	44573
3438	41059
3439	39115
3440	39437
3441	37822
3442	31120
3443	318554
3444	37232
3445	33992
3446	34421
3447	37824
3448	42710
3449	41372
3450	43276
3451	32461
3452	35475
3453	318582
3454	35940
3455	326118
3456	49165
3457	39812
3458	36881
3459	36583
3460	42324
3461	318604
3462	31169
3463	2768680
3464	40176
3465	42554
3466	41967
3467	37381
3468	318633
3469	31170
3470	37857
3471	42339
3472	326132
3473	43936
3474	41733
3475	42647
3476	41592
3477	326135
3478	35480
3479	38975
3480	34055
3481	37834
3482	36242
3483	40925
3484	35522
3485	42303
3486	192508
3487	32602
3488	31487
3489	41302
3490	33201
3491	39218
3492	33928
3493	33812
3494	31521
3495	33795
3496	36981
3497	33776
3498	32916
3499	33270
3500	48531
3501	318881
3502	41319
3503	35314
3504	37300
3505	34783
3506	39919
3507	34642
3508	40965
3509	318957
3510	36816
3511	318961
3512	44291
3513	35563
3514	39953
3515	47121
3516	38160
3517	35565
3518	45326
3519	42058
3520	39688
3521	37083
3522	32827
3523	38062
3524	33158
3525	40280
3526	31602
3527	38141
3528	41725
3529	34622
3530	34362
3531	36210
3532	31474
3533	36826
3534	39099
3535	39188
3536	41795
3537	33291
3538	39445
3539	39368
3540	39400
3541	41866
3542	39415
3543	41587
3544	39413
3545	39406
3546	40005
3547	34618
3548	44297
3549	39063
3550	39835
3551	39118
3552	37671
3553	36955
3554	317911
3555	37066
3556	39114
3557	326203
3558	33680
3559	38438
3560	39003
3561	33441
3562	38332
3563	39104
3564	38055
3565	38981
3566	38876
3567	37493
3568	38751
3569	318014
3570	33890
3571	326214
3572	37704
3573	40273
3574	40310
3575	32601
3576	33562
3577	38898
3578	32754
3579	39018
3580	32657
3581	41739
3582	32430
3583	43950
3584	41768
3585	31997
3586	33314
3587	34061
3588	31980
3589	37901
3590	35577
3591	34431
3592	31896
3593	31571
3594	31638
3595	32505
3596	31493
3597	31430
3598	31420
3599	35454
3600	34204
3601	32543
3602	34655
3603	31110
3604	42602
3605	35032
3606	33569
3607	39028
3608	40172
3609	318825
3610	38879
3611	42528
3612	31577
3613	42527
3614	326251
3615	41179
3616	33721
3617	41965
3618	36978
3619	45959
3620	36507
3621	36506
3622	40011
3623	31441
3624	41524
3625	338395
3626	34559
3627	39594
3628	43895
3629	42521
3630	32725
3631	37873
3632	38012
3633	37561
3634	32753
3635	41757
3636	50392
3637	39550
3638	42626
3639	37544
3640	35056
3641	44129
3642	41120
3643	37887
3644	33281
3645	32938
3646	43591
3647	50365
3648	33976
3649	41296
3650	44701
3651	35047
3652	31567
3653	31398
3654	39572
3655	33190
3656	39043
3657	36238
3658	37635
3659	42045
3660	34480
3661	37629
3662	37926
3663	37927
3664	39964
3665	48421
3666	31562
3667	38206
3668	37559
3669	37576
3670	42051
3671	31376
3672	33198
3673	37973
3674	32589
3675	38740
3676	45827
3677	33312
3678	39733
3679	33643
3680	34268
3681	37628
3682	41690
3683	33631
3684	41699
3685	41157
3686	36803
3687	41543
3688	37148
3689	37947
3690	31039
3691	45396
3692	42509
3693	36354
3694	33374
3695	34754
3696	39089
3697	30980
3698	37825
3699	33884
3700	37987
3701	34262
3702	35926
3703	41724
3704	33717
3705	34720
3706	31156
3707	31154
3708	37012
3709	31576
3710	31149
3711	32516
3712	36424
3713	31581
3714	39943
3715	42830
3716	39940
3717	39385
3718	44889
3719	39939
3720	41226
3721	39090
3722	37217
3723	31362
3724	41686
3725	39582
3726	34361
3727	35509
3728	41230
3729	33208
3730	42708
3731	34924
3732	42571
3733	32672
3734	34353
3735	37730
3736	41590
3737	44173
3738	40043
3739	34908
3740	64880
3741	41279
3742	31449
3743	34892
3744	31601
3745	40133
3746	33610
3747	39777
3748	41247
3749	39067
3750	36918
3751	37842
3752	38976
3753	32228
3754	42057
3755	36685
3756	40092
3757	38165
3758	3355138
3759	3355158
3760	39906
3761	34302
3762	48844
3763	37397
3764	35878
3765	31176
3766	32420
3767	45783
3768	32599
3769	38889
3770	40451
3771	39855
3772	41766
3773	33621
3774	36288
3775	34876
3776	31442
3777	43005
3778	30998
3779	34304
3780	34874
3781	40375
3782	34734
3783	34910
3784	42510
3785	39076
3786	41717
3787	31444
3788	34695
3789	33209
3790	34844
3791	41925
3792	41836
3793	41885
3794	31000
3795	32245
3796	41840
3797	38205
3798	35512
3799	37399
3800	34970
3801	42426
3802	41374
3803	41804
3804	37420
3805	41634
3806	40017
3807	32722
3808	42423
3809	35827
3810	32263
3811	32267
3812	41638
3813	39065
3814	42413
3815	40299
3816	34516
3817	42409
3818	35943
3819	36838
3820	47874
3821	38779
3822	34264
3823	41920
3824	34384
3825	37144
3826	35627
3827	42380
3828	34979
3829	42891
3830	39057
3831	32541
3832	39055
3833	32770
3834	41700
3835	33965
3836	32534
3837	33502
3838	37744
3839	34306
3840	32564
3841	34132
3842	42745
3843	12797942
3844	44315
3845	31646
3846	39044
3847	38603
3848	32545
3849	37571
3850	38601
3851	39289
3852	36240
3853	44071
3854	38597
3855	39397
3856	44702
3857	35877
3858	36459
3859	38936
3860	34329
3861	34758
3862	42550
3863	38593
3864	37117
3865	32238
3866	43091
3867	34005
3868	33317
3869	34992
3870	36468
3871	41862
3872	34857
3873	42706
3874	47906
3875	39917
3876	39820
3877	41345
3878	32662
3879	31837
3880	32664
3881	39049
3882	38350
3883	33295
3884	37536
3885	42541
3886	42695
3887	34336
3888	34552
3889	34138
3890	34949
3891	36966
3892	34946
3893	45401
3894	34947
3895	36973
3896	41479
3897	34571
3898	41936
3899	33305
3900	40979
3901	42683
3902	39611
3903	39810
3904	42158
3905	43156
3906	39343
3907	32579
3908	43348
3909	33308
3910	40153
3911	38137
3912	39026
3913	33843
3914	40122
3915	34396
3916	35046
3917	36886
3918	31435
3919	36174
3920	32551
3921	38828
3922	39035
3923	43200
3924	36236
3925	35574
3926	34410
3927	34139
3928	41411
3929	40012
3930	43084
3931	32508
3932	43085
3933	34142
3934	41311
3935	50285
3936	36774
3937	38799
3938	38630
3939	34015
3940	42822
3941	42117
3942	37564
3943	37586
3944	39961
3945	39038
3946	36309
3947	37124
3948	34430
3949	39037
3950	32316
3951	32898
3952	35223
3953	39764
3954	41529
3955	35944
3956	34708
3957	42056
3958	42072
3959	34446
3960	34021
3961	31021
3962	42658
3963	42828
3964	32763
3965	33817
3966	34377
3967	41540
3968	39653
3969	32402
3970	32330
3971	39666
3972	39165
3973	38958
3974	33917
3975	38974
3976	36914
3977	37723
3978	45432
3979	40429
3980	42641
3981	34474
3982	36741
3983	42618
3984	46017
3985	34383
3986	41756
3987	42092
3988	34663
3989	33732
3990	32663
3991	41145
3992	42273
3993	43927
3994	42445
3995	41324
3996	39995
3997	36967
3998	43350
3999	33845
4000	43356
4001	32820
4002	40794
4003	33744
4004	42302
4005	37785
4006	37090
4007	33782
4008	43327
4009	32441
4010	41938
4011	32726
4012	40241
4013	42297
4014	42128
4015	39382
4016	32739
4017	41152
4018	36546
4019	41022
4020	35074
4021	43515
4022	33902
4023	33490
4024	35342
4025	42897
4026	40187
4027	41573
4028	37082
4029	37366
4030	38878
4031	53443
4032	32574
4033	39747
4034	44855
4035	37072
4036	33798
4037	42498
4038	35897
4039	37062
4040	42500
4041	33459
4042	42907
4043	53562
4044	42505
4045	42956
4046	39255
4047	42294
4048	33742
4049	42835
4050	31842
4051	41829
4052	34068
4053	41837
4054	42844
4055	32679
4056	47249
4057	33864
4058	38982
4059	42284
4060	32498
4061	39745
4062	36252
4063	43183
4064	43169
4065	41117
4066	43158
4067	41884
4068	41820
4069	39866
4070	43256
4071	34526
4072	45961
4073	43390
4074	32786
4075	42863
4076	42874
4077	42209
4078	34437
4079	32855
4080	39530
4081	34548
4082	40173
4083	42213
4084	39957
4085	41268
4086	36529
4087	36135
4088	34658
4089	34095
4090	36763
4091	38807
4092	37015
4093	44679
4094	42586
4095	37007
4096	36791
4097	41843
4098	32617
4099	40228
4100	39554
4101	38998
4102	32787
4103	36961
4104	43560
4105	39001
4106	40142
4107	34578
4108	38204
4109	41304
4110	42671
4111	35053
4112	33781
4113	37372
4114	35855
4115	32854
4116	40188
4117	39174
4118	34608
4119	42561
4120	34079
4121	42985
4122	39166
4123	41365
4124	38969
4125	44259
4126	41586
4127	44437
4128	38973
4129	41824
4130	31429
4131	42919
4132	41972
4133	32865
4134	35920
4135	31838
4136	41133
4137	40222
4138	42514
4139	32871
4140	40998
4141	42643
4142	33703
4143	38940
4144	34067
4145	40434
4146	44848
4147	38900
4148	41663
4149	40395
4150	37711
4151	36195
4152	44496
4153	50147
4154	42160
4155	35785
4156	34086
4157	39351
4158	41027
4159	40361
4160	42043
4161	40360
4162	43514
4163	41162
4164	43566
4165	35774
4166	37461
4167	38721
4168	39143
4169	33850
4170	34097
4171	39683
4172	34750
4173	40992
4174	40377
4175	38844
4176	50310
4177	40557
4178	35362
4179	31227
4180	40373
4181	35399
4182	40191
4183	40174
4184	43554
4185	34147
4186	32558
4187	40562
4188	34140
4189	35536
4190	43549
4191	41772
4192	38897
4193	34229
4194	43573
4195	32683
4196	43576
4197	34774
4198	38199
4199	36829
4200	39593
4201	36766
4202	33818
4203	39169
4204	32528
4205	36376
4206	36769
4207	38722
4208	36789
4209	36743
4210	38880
4211	32523
4212	36565
4213	36569
4214	34124
4215	34122
4216	43160
4217	41644
4218	41629
4219	43385
4220	38342
4221	46058
4222	41107
4223	35762
4224	31239
4225	41103
4226	38796
4227	41195
4228	41199
4229	41203
4230	36348
4231	34767
4232	32540
4233	32561
4234	35801
4235	35924
4236	37402
4237	33563
4238	49636
4239	33575
4240	41109
4241	41930
4242	33847
4243	41668
4244	32573
4245	35372
4246	37662
4247	39878
4248	40887
4249	40889
4250	47186
4251	42986
4252	38941
4253	39643
4254	40544
4255	40990
4256	33600
4257	49580
4258	40830
4259	37233
4260	39430
4261	49168
4262	42705
4263	40848
4264	318935
4265	31480
4266	47894
4267	34280
4268	32241
4269	34314
4270	31547
4271	42547
4272	39873
4273	44817
4274	31798
4275	34070
4276	32596
4277	37364
4278	38752
4279	35575
4280	41413
4281	42579
4282	45970
4283	40862
4284	35033
4285	34215
4286	38765
4287	37368
4288	34652
4289	42400
4290	34090
4291	40020
4292	40852
4293	35537
4294	39899
4295	43105
4296	50002
4297	38756
4298	34787
4299	37226
4300	38845
4301	39520
4302	43828
4303	41783
4304	38175
4305	41502
4306	40929
4307	40851
4308	31762
4309	42846
4310	36851
4311	35586
4312	36602
4313	33894
4314	35614
4315	31914
4316	32584
4317	31525
4318	33727
4319	36825
4320	42501
4321	37238
4322	42470
4323	43978
4324	43083
4325	39034
4326	41032
4327	36615
4328	47173
4329	37881
4330	40810
4331	36617
4332	251414
4333	41670
4334	46080
4335	35239
4336	34686
4337	39514
4338	43930
4339	36576
4340	36632
4341	38733
4342	37803
4343	42806
4344	38399
4345	33169
4346	41721
4347	3354918
4348	34500
4349	39613
4350	35916
4351	35901
4352	38728
4353	40961
4354	31075
4355	41108
4356	38457
4357	43531
4358	42773
4359	35237
4360	33918
4361	32120
4362	35393
4363	260645
4364	45879
4365	36060
4366	42819
4367	37316
4368	40435
4369	38490
4370	45268
4371	31006
4372	45928
4373	37618
4374	37966
4375	36419
4376	40056
4377	30986
4378	3354965
4379	41343
4380	35886
4381	39547
4382	34467
4383	37487
4384	37096
4385	32116
4386	36653
4387	34411
4388	42809
4389	35426
4390	41295
4391	42984
4392	35107
4393	34339
4394	38723
4395	32216
4396	36661
4397	35825
4398	36664
4399	35588
4400	317824
4401	41095
4402	42793
4403	42926
4404	31721
4405	35257
4406	41483
4407	40574
4408	39008
4409	31146
4410	32160
4411	35044
4412	42766
4413	53546
4414	38873
4415	43343
4416	32796
4417	36235
4418	41001
4419	44150
4420	43928
4421	39675
4422	35335
4423	32533
4424	34461
4425	31897
4426	42836
4427	44131
4428	41646
4429	38716
4430	35612
4431	34149
4432	35898
4433	41200
4434	40791
4435	42855
4436	38003
4437	42862
4438	40835
4439	37248
4440	40740
4441	35102
4442	38714
4443	40640
4444	42798
4445	35100
4446	38660
4447	43717
4448	31713
4449	42333
4450	36337
4451	44226
4452	43386
4453	35728
4454	42066
4455	31350
4456	40433
4457	42037
4458	42027
4459	32205
4460	31947
4461	35504
4462	32019
4463	31881
4464	31952
4465	31953
4466	43814
4467	32597
4468	41360
4469	50055
4470	39391
4471	42131
4472	33839
4473	40589
4474	43906
4475	36035
4476	40886
4477	40832
4478	326158
4479	38002
4480	32207
4481	42342
4482	39813
4483	33964
4484	38435
4485	33445
4486	42601
4487	35453
4488	43308
4489	42235
4490	39338
4491	33835
4492	32446
4493	41800
4494	42807
4495	35129
4496	42812
4497	35126
4498	47781
4499	38372
4500	35121
4501	43726
4502	44059
4503	33071
4504	31572
4505	38493
4506	34639
4507	40888
4508	40656
4509	43833
4510	42327
4511	35040
4512	41996
4513	41991
4514	41949
4515	35089
4516	35111
4517	35113
4518	35492
4519	3355016
4520	43039
4521	34231
4522	33555
4523	39056
4524	37458
4525	40948
4526	39411
4527	43683
4528	35264
4529	38674
4530	42453
4531	32068
4532	41161
4533	117353
4534	38999
4535	31290
4536	37450
4537	35146
4538	40595
4539	48448
4540	32761
4541	36578
4542	40339
4543	39458
4544	40654
4545	39075
4546	19835548
4547	36859
4548	43582
4549	31268
4550	47272
4551	35267
4552	38654
4553	38653
4554	40513
4555	35919
4556	42006
4557	40406
4558	38005
4559	34245
4560	44010
4561	41367
4562	43349
4563	35395
4564	38652
4565	32544
4566	40392
4567	31939
4568	40049
4569	40575
4570	35189
4571	34057
4572	31106
4573	33114
4574	39439
4575	38647
4576	31515
4577	36207
4578	38016
4579	37451
4580	42551
4581	36750
4582	33893
4583	40323
4584	41520
4585	40581
4586	38634
4587	32209
4588	37549
4589	38629
4590	38104
4591	35142
4592	33162
4593	43018
4594	35560
4595	34621
4596	38961
4597	39435
4598	35153
4599	46187
4600	34812
4601	43087
4602	39424
4603	43648
4604	32318
4605	37315
4606	39937
4607	34593
4608	35077
4609	39849
4610	37820
4611	38613
4612	40977
4613	38611
4614	38447
4615	38448
4616	31887
4617	34846
4618	32771
4619	41086
4620	43221
4621	43809
4622	31594
4623	31848
4624	38596
4625	35282
4626	32478
4627	44118
4628	39795
4629	32392
4630	41875
4631	43431
4632	39850
4633	40462
4634	35194
4635	34244
4636	43611
4637	41745
4638	34420
4639	38327
4640	31763
4641	31976
4642	36950
4643	32226
4644	2769001
4645	42903
4646	36523
4647	33994
4648	45360
4649	39036
4650	42680
4651	42192
4652	35183
4653	34253
4654	318741
4655	37589
4656	32222
4657	32256
4658	40048
4659	39270
4660	43569
4661	33710
4662	32595
4663	39523
4664	36037
4665	40239
4666	40136
4667	33370
4668	39508
4669	35197
4670	31185
4671	31001
4672	39505
4673	35287
4674	35291
4675	38698
4676	35200
4677	43864
4678	44380
4679	32375
4680	43352
4681	35299
4682	40751
4683	44096
4684	31707
4685	33960
4686	42507
4687	3355041
4688	36109
4689	31926
4690	40553
4691	36698
4692	44261
4693	41056
4694	42269
4695	39453
4696	38109
4697	42752
4698	35988
4699	2768677
4700	39819
4701	39105
4702	31153
4703	3354896
4704	41341
4705	44978
4706	318747
4707	41149
4708	36241
4709	42616
4710	37817
4711	33369
4712	32937
4713	35744
4714	37089
4715	44965
4716	36717
4717	37014
4718	44155
4719	35683
4720	35970
4721	31700
4722	37805
4723	35922
4724	36942
4725	31736
4726	37849
4727	42732
4728	31761
4729	39454
4730	40587
4731	43496
4732	33056
4733	40806
4734	44819
4735	39480
4736	31029
4737	32337
4738	44013
4739	39455
4740	38177
4741	42463
4742	37249
4743	40541
4744	33804
4745	33805
4746	33810
4747	40953
4748	42468
4749	32009
4750	43594
4751	40060
4752	38846
4753	36628
4754	38518
4755	50373
4756	318859
4757	33827
4758	32351
4759	32357
4760	40527
4761	43831
4762	32109
4763	37601
4764	41062
4765	38677
4766	33642
4767	33373
4768	44510
4769	41263
4770	46386
4771	35160
4772	59227
4773	261618
4774	318164
4775	37488
4776	40514
4777	41046
4778	35654
4779	40507
4780	37337
4781	40901
4782	34835
4783	42496
4784	34560
4785	36915
4786	32339
4787	40512
4788	40220
4789	33202
4790	35663
4791	36799
4792	42094
4793	53561
4794	45815
4795	35805
4796	36189
4797	31328
4798	33238
4799	43443
4800	40421
4801	40807
4802	43575
4803	40265
4804	39926
4805	42251
4806	36762
4807	40144
4808	32760
4809	42981
4810	37228
4811	246534
4812	40378
4813	40349
4814	32317
4815	32315
4816	42252
4817	3355079
4818	35397
4819	47998
4820	34180
4821	40918
4822	34968
4823	36883
4824	41097
4825	249072
4826	32374
4827	53473
4828	42911
4829	35742
4830	40213
4831	36306
4832	38516
4833	37168
4834	43764
4835	246621
4836	43015
4837	318846
4838	42063
4839	37078
4840	42726
4841	39672
4842	47905
4843	41052
4844	42350
4845	39186
4846	38811
4847	42852
4848	39475
4849	38378
4850	36214
4851	32685
4852	32962
4853	38782
4854	41014
4855	43306
4856	41202
4857	39877
4858	39274
4859	38469
4860	36276
4861	32408
4862	37197
4863	40340
4864	34392
4865	42139
4866	39484
4867	39491
4868	37743
4869	46326
4870	40402
4871	40356
4872	31789
4873	38535
4874	38261
4875	38989
4876	43241
4877	34227
4878	33950
4879	36273
4880	42415
4881	35139
4882	33336
4883	36850
4884	37121
4885	36536
4886	36356
4887	41674
4888	33942
4889	31391
4890	34289
4891	44642
4892	41363
4893	38013
4894	42053
4895	33900
4896	38074
4897	41307
4898	38486
4899	45577
4900	33028
4901	40762
4902	36939
4903	38400
4904	45707
4905	35795
4906	35351
4907	31588
4908	37936
4909	31046
4910	31483
4911	32133
4912	34376
4913	42595
4914	32917
4915	36317
4916	41125
4917	33939
4918	43713
4919	49701
4920	39604
4921	35894
4922	43529
4923	37631
4924	33470
4925	43924
4926	40443
4927	33161
4928	42736
4929	38362
4930	39791
4931	40594
4932	37646
4933	32724
4934	34524
4935	35930
4936	40167
4937	38147
4938	31042
4939	35424
4940	42353
4941	35001
4942	39792
4943	37924
4944	31084
4945	37116
4946	47767
4947	33903
4948	37040
4949	31386
4950	42825
4951	33982
4952	34177
4953	44724
4954	31701
4955	42123
4956	33391
4957	34749
4958	37431
4959	35796
4960	246656
4961	31179
4962	39267
4963	34144
4964	38148
4965	33235
4966	33914
4967	39625
4968	41420
4969	35771
4970	43474
4971	43557
4972	38459
4973	33830
4974	40875
4975	43723
4976	40376
4977	32119
4978	43794
4979	43447
4980	39097
4981	35678
4982	42481
4983	34129
4984	50250
4985	32343
4986	42672
4987	41180
4988	33904
4989	33883
4990	40771
4991	42457
4992	42871
4993	37855
4994	41472
4995	35914
4996	38520
4997	36486
4998	37850
4999	41254
5000	41158
5001	32368
5002	42524
5003	37874
5004	38501
5005	33499
5006	326186
5007	42451
5008	44843
5009	39369
5010	48316
5011	43103
5012	37068
5013	53556
5014	33530
5015	42077
5016	41834
5017	36620
5018	48782
5019	31607
5020	38019
5021	41112
5022	39319
5023	34595
5024	32379
5025	44441
5026	59173
5027	317928
5028	39088
5029	31293
5030	41944
5031	34728
5032	40234
5033	45247
5034	34135
5035	41262
5036	31015
5037	38186
5038	41407
5039	34952
5040	40202
5041	36754
5042	33952
5043	32515
5044	40984
5045	41693
5046	35590
5047	50463
5048	33822
5049	40552
5050	32071
5051	41036
5052	43397
5053	36108
5054	42993
5055	39251
5056	35850
5057	36683
5058	38263
5059	43002
5060	42293
5061	35931
5062	43440
5063	50227
5064	39098
5065	36540
5066	43078
5067	19835899
5068	31905
5069	45249
5070	43070
5071	43072
5072	33206
5073	33692
5074	33668
5075	40715
5076	34591
5077	37580
5078	44643
5079	37221
5080	41073
5081	32049
5082	41084
5083	53472
5084	38185
5085	38211
5086	38228
5087	32853
5088	44100
5089	38246
5090	39208
5091	35207
5092	45683
5093	43715
5094	43662
5095	42490
5096	43651
5097	31815
5098	43747
5099	192509
5100	39627
5101	37031
5102	33489
5103	42525
5104	41164
5105	32045
5106	31801
5107	246596
5108	35065
5109	32645
5110	39862
5111	43102
5112	44135
5113	42029
5114	31775
5115	36038
5116	31904
5117	35616
5118	41939
5119	31683
5120	31802
5121	40666
5122	318093
5123	31620
5124	44790
5125	33462
5126	35649
5127	37674
5128	32930
5129	35954
5130	33669
5131	31316
5132	31582
5133	43698
5134	117294
5135	32942
5136	32940
5137	32970
5138	33471
5139	32967
5140	32257
5141	34277
5142	36562
5143	37801
5144	32822
5145	33318
5146	39766
5147	38059
5148	39753
5149	34483
5150	41531
5151	39650
5152	36142
5153	40870
5154	36133
5155	32910
5156	41603
5157	38254
5158	41232
5159	39010
5160	37856
5161	43739
5162	43639
5163	33323
5164	36387
5165	36406
5166	39874
5167	38993
5168	36217
5169	38341
5170	33528
5171	45668
5172	47729
5173	43442
5174	39119
5175	34927
5176	41408
5177	32041
5178	39005
5179	33147
5180	38513
5181	50433
5182	31902
5183	318996
5184	39145
5185	31280
5186	37795
5187	37044
5188	34636
5189	42615
5190	33796
5191	42130
5192	43482
5193	41610
5194	31240
5195	33846
5196	35390
5197	39730
5198	246568
5199	41055
5200	40064
5201	40090
5202	32991
5203	36990
5204	40588
5205	33343
5206	39682
5207	45320
5208	38680
5209	40524
5210	38921
5211	32006
5212	38340
5213	33349
5214	44251
5215	31962
5216	33004
5217	40488
5218	42433
5219	40436
5220	41737
5221	38521
5222	31427
5223	31416
5224	31390
5225	32994
5226	43577
5227	39133
5228	64877
5229	36310
5230	50216
5231	37798
5232	38522
5233	31466
5234	36024
5235	40623
5236	35099
5237	42764
5238	38637
5239	40047
5240	37185
5241	31917
5242	37986
5243	40256
5244	326144
5245	39996
5246	34024
5247	59246
5248	31017
5249	31844
5250	33392
5251	37613
5252	43819
5253	42424
5254	32616
5255	43565
5256	39123
5257	35615
5258	37577
5259	36625
5260	43362
5261	36107
5262	36078
5263	246610
5264	39955
5265	41124
5266	40363
5267	33411
5268	326173
5269	38295
5270	40420
5271	37176
5272	53437
5273	43580
5274	41156
5275	39886
5276	39804
5277	38623
5278	39359
5279	31550
5280	35138
5281	39630
5282	41377
5283	40504
5284	37292
5285	40096
5286	33910
5287	34182
5288	39801
5289	35348
5290	33708
5291	39788
5292	39802
5293	39797
5294	39786
5295	39784
5296	37084
5297	31641
5298	37027
5299	40695
5300	36196
5301	38519
5302	33777
5303	44811
5304	50126
5305	36575
5306	34355
5307	38300
5308	36311
5309	36255
5310	45881
5311	40945
5312	36213
5313	33351
5314	32124
5315	36040
5316	318700
5317	39106
5318	37345
5319	36180
5320	33808
5321	36200
5322	35323
5323	32857
5324	36178
5325	30981
5326	41864
5327	34995
5328	53513
5329	39417
5330	33379
5331	42734
5332	40821
5333	39012
5334	42356
5335	35904
5336	50300
5337	34573
5338	32674
5339	34546
5340	36495
5341	36509
5342	35330
5343	39102
5344	32872
5345	40389
5346	31013
5347	30988
5348	30972
5349	33933
5350	34170
5351	31210
5352	41912
5353	43645
5354	34172
5355	38919
5356	36014
5357	40813
5358	32142
5359	37931
5360	43642
5361	31319
5362	31776
5363	44018
5364	43177
5365	33112
5366	251430
5367	3355136
5368	37334
5369	43373
5370	35695
5371	38277
5372	39637
5373	39657
5374	35051
5375	35386
5376	37492
5377	34419
5378	31237
5379	33869
5380	44058
5381	40691
5382	33704
5383	34016
5384	41373
5385	39265
5386	40111
5387	3355123
5388	34975
5389	35097
5390	117369
5391	37675
5392	38823
5393	37806
5394	40921
5395	48445
5396	43562
5397	37918
5398	42823
5399	42838
5400	33906
5401	42870
5402	42892
5403	59240
5404	39198
5405	44205
5406	38983
5407	42969
5408	36927
5409	36845
5410	40000
5411	33905
5412	31977
5413	44554
5414	53547
5415	41448
5416	34003
5417	38292
5418	42414
5419	40993
5420	250735
5421	33131
5422	319030
5423	34469
5424	38553
5425	37308
5426	33191
5427	40128
5428	38046
5429	40255
5430	38066
5431	38086
5432	38089
5433	38093
5434	38106
5435	40568
5436	33299
5437	41623
5438	44653
5439	43207
5440	38192
5441	38249
5442	36597
5443	318841
5444	34577
5445	41853
5446	37170
5447	37158
5448	36795
5449	33787
5450	34627
5451	39570
5452	31849
5453	37132
5454	31732
5455	31222
5456	32565
5457	43389
5458	34592
5459	42531
5460	40158
5461	50391
5462	38103
5463	39497
5464	42735
5465	39465
5466	326188
5467	42446
5468	39335
5469	35810
5470	44079
5471	37664
5472	39264
5473	37218
5474	39227
5475	42046
5476	41567
5477	32908
5478	50363
5479	41625
5480	40517
5481	32971
5482	32951
5483	42936
5484	38045
5485	33829
5486	33824
5487	43214
5488	36032
5489	42268
5490	42176
5491	31371
5492	40684
5493	33286
5494	33301
5495	33339
5496	41580
5497	43875
5498	32407
5499	32373
5500	37761
5501	31273
5502	31275
5503	31632
5504	31615
5505	37439
5506	40497
5507	49953
5508	14462800
5509	31009
5510	37039
5511	34956
5512	59163
5513	34094
5514	43417
5515	41387
5516	43816
5517	39392
5518	34397
5519	50075
5520	37860
5521	34158
5522	43725
5523	35781
5524	36954
5525	40416
5526	39982
5527	40869
5528	33137
5529	33132
5530	31063
5531	31049
5532	34980
5533	33639
5534	37165
5535	32240
5536	35596
5537	40532
5538	40559
5539	35981
5540	37009
5541	41283
5542	35029
5543	43618
5544	34193
5545	39759
5546	42613
5547	32737
5548	33865
5549	41419
5550	3354988
5551	41465
5552	41091
5553	39103
5554	32495
5555	35860
5556	41585
5557	35840
5558	35803
5559	35749
5560	31101
5561	33678
5562	40097
5563	31105
5564	31103
5565	31109
5566	31126
5567	32701
5568	34196
5569	31137
5570	38274
5571	31145
5572	35963
5573	43112
5574	37994
5575	45012
5576	39629
5577	36496
5578	37356
5579	43765
5580	38814
5581	34684
5582	35041
5583	248194
5584	41810
5585	33219
5586	31461
5587	37985
5588	41990
5589	41114
5590	39340
5591	42002
5592	41995
5593	34427
5594	42025
5595	44390
5596	42031
5597	32221
5598	41968
5599	42041
5600	34567
5601	38328
5602	39551
5603	38466
5604	38484
5605	38491
5606	39587
5607	42649
5608	38529
5609	32835
5610	32168
5611	38605
5612	31717
5613	326259
5614	39846
5615	37155
5616	40653
5617	41551
5618	34442
5619	39908
5620	37175
5621	33726
5622	31459
5623	37174
5624	41773
5625	39831
5626	326216
5627	32613
5628	42059
5629	31228
5630	35790
5631	43803
5632	37199
5633	35420
5634	32035
5635	326122
5636	317946
5637	43319
5638	43290
5639	39959
5640	36590
5641	34489
5642	42885
5643	36020
5644	35172
5645	33834
5646	32060
5647	32053
5648	50323
5649	3355143
5650	40932
5651	3355131
5652	44438
5653	49992
5654	33023
5655	41985
5656	31171
5657	39694
5658	34897
5659	34887
5660	41457
5661	40372
5662	42971
5663	36304
5664	31935
5665	31779
5666	31786
5667	50190
5668	33447
5669	33570
5670	43691
5671	41880
5672	36723
5673	35440
5674	37784
5675	43399
5676	33094
5677	45757
5678	42079
5679	32100
5680	42832
5681	34569
5682	42309
5683	32509
5684	36933
5685	36871
5686	50105
5687	35799
5688	39153
5689	32154
5690	31166
5691	34732
5692	38890
5693	42946
5694	37371
5695	44263
5696	246399
5697	35611
5698	37025
5699	40972
5700	31915
5701	32146
5702	32139
5703	32288
5704	32291
5705	41398
5706	33467
5707	42389
5708	35711
5709	33107
5710	34351
5711	37996
5712	38273
5713	34818
5714	31954
5715	246605
5716	37599
5717	39356
5718	38001
5719	31874
5720	31747
5721	3355102
5722	43783
5723	44448
5724	41860
5725	39651
5726	32592
5727	50170
5728	36880
5729	32193
5730	34455
5731	246445
5732	32459
5733	34416
5734	34402
5735	44149
5736	40579
5737	33127
5738	34542
5739	37253
5740	39205
5741	42781
5742	41147
5743	34541
5744	35939
5745	37410
5746	42520
5747	31539
5748	32838
5749	41197
5750	31460
5751	37811
5752	34693
5753	39818
5754	38817
5755	41173
5756	50208
5757	50209
5758	35688
5759	40152
5760	34789
5761	41666
5762	31178
5763	38931
5764	33046
5765	42437
5766	34763
5767	34601
5768	38127
5769	34551
5770	34115
5771	35382
5772	34206
5773	44030
5774	36006
5775	31014
5776	42504
5777	34330
5778	33413
5779	34404
5780	33024
5781	35653
5782	39647
5783	38056
5784	35824
5785	33223
5786	35009
5787	40303
5788	37042
5789	43185
5790	35908
5791	3354987
5792	46020
5793	34012
5794	38571
5795	3355089
5796	33386
5797	38565
5798	39147
5799	32301
5800	3354996
5801	32524
5802	34644
5803	31445
5804	31190
5805	42431
5806	34368
5807	35514
5808	33511
5809	33503
5810	32877
5811	31458
5812	42529
5813	41598
5814	50070
5815	36753
5816	41868
5817	36858
5818	36281
5819	41025
5820	39548
5821	32077
5822	3355111
5823	42983
5824	43673
5825	32089
5826	42069
5827	41902
5828	36968
5829	37981
5830	31903
5831	35213
5832	43279
5833	37414
5834	33156
5835	31503
5836	33224
5837	34324
5838	44359
5839	34745
5840	46156
5841	40438
5842	31424
5843	40616
5844	35140
5845	38223
5846	32721
5847	41656
5848	39836
5849	39125
5850	35811
5851	36896
5852	31604
5853	41354
5854	37131
5855	41349
5856	46035
5857	31873
5858	33622
5859	42169
5860	326254
5861	37721
5862	42228
5863	41094
5864	32946
5865	42913
5866	32691
5867	40390
5868	39284
5869	40388
5870	36844
5871	33927
5872	40780
5873	32521
5874	31363
5875	41601
5876	43757
5877	33303
5878	32520
5879	326273
5880	37482
5881	35384
5882	39084
5883	45784
5884	39326
5885	32882
5886	36308
5887	50251
5888	49045
5889	34032
5890	32039
5891	34219
5892	41205
5893	35418
5894	43730
5895	34394
5896	34976
5897	33350
5898	32358
5899	39225
5900	32656
5901	35527
5902	36105
5903	317903
5904	38810
5905	42756
5906	37389
5907	36045
5908	36023
5909	31255
5910	34629
5911	42945
5912	39659
5913	42585
5914	31093
5915	37095
5916	33439
5917	45031
5918	42428
5919	53510
5920	42622
5921	42188
5922	33015
5923	39981
5924	42182
5925	36584
5926	31212
5927	49297
5928	42617
5929	35369
5930	43484
5931	59157
5932	59164
5933	41126
5934	40260
5935	39856
5936	59176
5937	40697
5938	44046
5939	45285
5940	31630
5941	33269
5942	43800
5943	43741
5944	39827
5945	34428
5946	36782
5947	40168
5948	43751
5949	35816
5950	38806
5951	40839
5952	36878
5953	40615
5954	38219
5955	38347
5956	35452
5957	38346
5958	34117
5959	32935
5960	44360
5961	43787
5962	42693
5963	43095
5964	39020
5965	41807
5966	32314
5967	43786
5968	36392
5969	37004
5970	41709
5971	39246
5972	33418
5973	31964
5974	35758
5975	40693
5976	37989
5977	50246
5978	40796
5979	40819
5980	36030
5981	36718
5982	38749
5983	36589
5984	35316
5985	40857
5986	31253
5987	31175
5988	40431
5989	36263
5990	34482
5991	44910
5992	36156
5993	34856
5994	39758
5995	32661
5996	33172
5997	37988
5998	31560
5999	42387
6000	32510
6001	41054
6002	39860
6003	42370
6004	34872
6005	36924
6006	31204
6007	37579
6008	42937
6009	40055
6010	37287
6011	31326
6012	34276
6013	35754
6014	39540
6015	326192
6016	31347
6017	42657
6018	35938
6019	33496
6020	35995
6021	36027
6022	43620
6023	34256
6024	44154
6025	41911
6026	33706
6027	38957
6028	246670
6029	40179
6030	50149
6031	37657
6032	32329
6033	246515
6034	41701
6035	37360
6036	246540
6037	35885
6038	31579
6039	246565
6040	43229
6041	41703
6042	37705
6043	246602
6044	37879
6045	35704
6046	38628
6047	43904
6048	35088
6049	33644
6050	42882
6051	35927
6052	41822
6053	42853
6054	35910
6055	43518
6056	12798279
6057	43208
6058	41770
6059	37830
6060	34757
6061	3355084
6062	36508
6063	36265
6064	42665
6065	34357
6066	38909
6067	41780
6068	42842
6069	2768674
6070	40327
6071	38984
6072	45655
6073	42382
6074	42204
6075	318646
6076	41339
6077	318868
6078	32668
6079	318709
6080	318721
6081	326138
6082	46068
6083	41859
6084	31489
6085	38793
6086	326146
6087	35899
6088	35609
6089	33361
6090	318878
6091	35265
6092	34497
6093	35090
6094	37950
6095	43912
6096	34961
6097	14462787
6098	36965
6099	34281
6100	326170
6101	33628
6102	319046
6103	39304
6104	33174
6105	41943
6106	43351
6107	318016
6108	34493
6109	34793
6110	38813
6111	31207
6112	41528
6113	32606
6114	42562
6115	34212
6116	41366
6117	317860
6118	33576
6119	39561
6120	39944
6121	40225
6122	42100
6123	326206
6124	317952
6125	38338
6126	3355109
6127	36380
6128	33571
6129	36146
6130	38788
6131	33581
6132	43901
6133	43275
6134	40565
6135	318035
6136	33085
6137	41458
6138	34885
6139	32738
6140	36299
6141	318133
6142	35583
6143	318161
6144	39220
6145	34035
6146	36381
6147	37956
6148	38816
6149	40560
6150	34208
6151	35411
6152	326262
6153	36444
6154	36824
6155	34762
6156	43292
6157	33611
6158	39262
6159	35585
6160	37648
6161	34954
6162	42875
6163	43991
6164	41896
6165	41140
6166	31198
6167	31194
6168	34002
6169	32434
6170	34333
6171	31387
6172	37707
6173	31380
6174	31383
6175	31283
6176	32902
6177	32775
6178	38934
6179	32630
6180	44006
6181	41876
6182	32591
6183	34626
6184	40298
6185	53584
6186	39085
6187	43628
6188	34883
6189	40444
6190	42320
6191	42650
6192	47942
6193	36418
6194	42207
6195	41845
6196	39039
6197	38986
6198	38029
6199	34457
6200	42279
6201	43212
6202	37731
6203	40464
6204	40054
6205	3355139
6206	38815
6207	32819
6208	31839
6209	36679
6210	39086
6211	3355096
6212	32632
6213	41559
6214	31177
6215	34107
6216	41830
6217	3355134
6218	3355133
6219	41265
6220	37065
6221	37223
6222	41370
6223	41210
6224	42449
6225	53560
6226	32695
6227	31507
6228	42366
6229	41904
6230	32518
6231	40037
6232	39842
6233	34907
6234	53558
6235	37997
6236	43334
6237	42964
6238	41615
6239	41028
6240	39916
6241	32603
6242	32244
6243	33377
6244	42292
6245	31535
6246	39654
6247	42171
6248	32769
6249	34241
6250	36548
6251	39144
6252	34287
6253	42770
6254	34284
6255	43270
6256	41872
6257	35408
6258	32539
6259	39023
6260	31629
6261	34527
6262	37782
6263	34111
6264	37912
6265	38604
6266	34315
6267	34984
6268	42676
6269	34988
6270	42849
6271	32650
6272	36462
6273	31540
6274	34858
6275	36471
6276	42091
6277	43101
6278	34435
6279	43104
6280	33298
6281	36127
6282	32671
6283	35925
6284	32639
6285	41671
6286	43507
6287	44095
6288	32731
6289	36889
6290	38559
6291	42497
6292	39811
6293	31359
6294	39013
6295	34582
6296	36921
6297	35387
6298	36860
6299	39032
6300	42194
6301	43516
6302	34743
6303	39750
6304	36831
6305	38124
6306	34422
6307	43269
6308	42322
6309	44409
6310	34120
6311	36797
6312	41242
6313	40456
6314	38144
6315	32473
6316	32607
6317	33313
6318	42208
6319	38809
6320	37742
6321	40347
6322	43196
6323	37054
6324	37709
6325	37746
6326	39161
6327	31243
6328	38658
6329	44027
6330	43323
6331	43315
6332	42522
6333	36891
6334	42915
6335	42296
6336	42707
6337	44279
6338	42841
6339	42553
6340	41688
6341	43134
6342	32458
6343	41870
6344	53431
6345	32757
6346	32474
6347	43246
6348	32481
6349	42196
6350	40149
6351	42904
6352	42587
6353	39703
6354	35353
6355	33837
6356	36692
6357	36960
6358	32406
6359	36706
6360	32741
6361	39988
6362	42576
6363	35396
6364	41340
6365	39160
6366	36150
6367	34785
6368	34748
6369	32778
6370	41143
6371	36282
6372	34226
6373	39656
6374	38966
6375	39332
6376	33438
6377	41816
6378	40207
6379	42963
6380	42499
6381	32874
6382	42197
6383	38850
6384	35096
6385	32926
6386	40391
6387	34805
6388	32506
6389	33442
6390	39663
6391	39691
6392	33885
6393	40204
6394	32415
6395	34093
6396	36365
6397	32548
6398	39355
6399	38303
6400	39950
6401	40394
6402	40957
6403	40121
6404	39907
6405	39875
6406	34141
6407	38182
6408	35539
6409	34699
6410	45908
6411	38895
6412	40147
6413	36390
6414	36853
6415	35339
6416	41135
6417	36731
6418	36563
6419	36293
6420	32576
6421	38818
6422	32716
6423	43609
6424	41635
6425	33719
6426	38122
6427	33823
6428	32687
6429	33899
6430	35375
6431	35568
6432	41020
6433	37446
6434	40982
6435	33432
6436	47854
6437	43367
6438	35701
6439	33231
6440	40824
6441	40825
6442	32008
6443	32007
6444	32269
6445	43544
6446	43543
6447	48582
6448	44920
6449	44921
6450	50022
6451	48583
6452	42890
6453	41357
6454	41348
6455	31335
6456	43238
6457	59177
6458	246490
6459	34536
6460	38135
6461	318098
6462	32532
6463	49952
6464	318227
6465	318228
6466	32897
6467	37239
6468	36318
6469	326224
6470	12798280
6471	43358
6472	246552
6473	43203
6474	43202
6475	44481
6476	44482
6477	36945
6478	31829
6479	34352
6480	34554
6481	40114
6482	40113
6483	40115
6484	42352
6485	42351
6486	47218
6487	47219
6488	31526
6489	318193
6490	31152
6491	326240
6492	38437
6493	36554
6494	36377
6495	37244
6496	44160
6497	318231
6498	38208
6499	36487
6500	36101
6501	36145
6502	43622
6503	43621
6504	30990
6505	318226
6506	318833
6507	38955
6508	31565
6509	34460
6510	34458
6511	318246
6512	38703
6513	38702
6514	59159
6515	33166
6516	251645
6517	43796
6518	35859
6519	35861
6520	43811
6521	38125
6522	38128
6523	40483
6524	40485
6525	36433
6526	36434
6527	34687
6528	31348
6529	318207
6530	318210
6531	42375
6532	31184
6533	31532
6534	41176
6535	318260
6536	59215
6537	59216
6538	41177
6539	318890
6540	2768948
6541	38321
6542	41788
6543	35190
6544	40605
6545	38009
6546	31855
6547	43872
6548	39214
6549	42467
6550	2768670
6551	42477
6552	2768688
6553	34993
6554	31129
6555	44307
6556	36399
6557	44873
6558	46719
6559	34930
6560	326141
6561	2768934
6562	38786
6563	43251
6564	45871
6565	251466
6566	38978
6567	40628
6568	40793
6569	34648
6570	33324
6571	38306
6572	36098
6573	44839
6574	2768836
6575	47764
6576	2768944
6577	2769008
6578	42600
6579	326219
6580	326198
6581	53585
6582	46194
6583	40922
6584	42663
6585	33863
6586	41694
6587	38169
6588	40958
6589	48581
6590	2768976
6591	3346239
6592	3346162
6593	3346235
6594	3346227
6595	3346209
6596	3346206
6597	38819
6598	2768687
6599	37246
6600	35932
6601	3346192
6602	32941
6603	31987
6604	3346167
6605	3772382
6606	33007
6607	42951
6608	35321
6609	41707
6610	40858
6611	3771890
6612	31200
6613	2768718
6614	3346201
6615	2768940
6616	2768981
6617	39765
6618	3355116
6619	3772007
6620	3772082
6621	3772376
6622	3771814
6623	31603
6624	3772597
6625	3772547
6626	19835657
6627	3772091
6628	3771836
6629	3772102
6630	43186
6631	3885637
6632	32320
6633	3771968
6634	41217
6635	37086
6636	3772576
6637	36243
6638	33017
6639	246538
6640	49077
6641	3772396
6642	4379919
6643	3772186
6644	2768685
6645	3772180
6646	4379890
6647	4379854
6648	4379844
6649	4379864
6650	35281
6651	318066
6652	37627
6653	37283
6654	36809
6655	34710
6656	37435
6657	41712
6658	5740176
6659	34669
6660	35127
6661	5740318
6662	42110
6663	5740131
6664	31301
6665	5740323
6666	5740788
6667	32312
6668	5740505
6669	31564
6670	33535
6671	5740590
6672	46038
6673	5740457
6674	42608
6675	33995
6676	5740528
6677	41749
6678	5740664
6679	5740303
6680	5740349
6681	5740668
6682	37398
6683	5740592
6684	5740408
6685	5740252
6686	35949
6687	5740462
6688	36694
6689	5740320
6690	5740653
6691	39948
6692	39250
6693	5740599
6694	49427
6695	5740446
6696	36673
6697	31826
6698	37979
6699	5740279
6700	5740700
6701	32845
6702	5740816
6703	5740362
6704	59178
6705	32183
6706	8674049
6707	40596
6708	8674091
6709	38558
6710	8674000
6711	8673992
6712	35835
6713	7354398
6714	8674096
6715	5740204
6716	32457
6717	35026
6718	10178819
6719	34179
6720	10178800
6721	37643
6722	34341
6723	43856
6724	44269
6725	33397
6726	43511
6727	40785
6728	39900
6729	10178801
6730	2768996
6731	10178964
6732	10178782
