0	0
1	1
2	2
3	3
4	4
5	5
6	6
7	7
8	8
9	9
10	10
11	11
12	12
13	13
14	14
15	15
16	16
17	17
18	18
19	19
20	20
21	21
22	22
23	23
24	24
25	25
26	26
27	27
28	28
29	29
30	30
31	31
32	32
33	33
34	34
35	35
36	36
37	37
38	38
39	39
40	40
41	41
42	42
43	43
44	44
45	45
46	46
47	47
48	48
49	49
50	50
51	51
52	52
53	53
54	54
55	55
56	56
57	57
58	58
59	59
60	62
61	63
62	64
63	65
64	66
65	67
66	68
67	69
68	70
69	71
70	72
71	73
72	74
73	75
74	76
75	77
76	78
77	79
78	80
79	81
80	82
81	83
82	84
83	85
84	86
85	87
86	88
87	89
88	90
89	91
90	92
91	93
92	94
93	95
94	96
95	97
96	98
97	99
98	100
99	101
100	102
101	103
102	104
103	105
104	108
105	109
106	110
107	111
108	112
109	113
110	114
111	115
112	116
113	117
114	118
115	119
116	120
117	121
118	122
119	123
120	124
121	125
122	126
123	127
124	128
125	129
126	130
127	131
128	132
129	133
130	134
131	135
132	136
133	137
134	138
135	139
136	140
137	141
138	142
139	143
140	144
141	145
142	146
143	147
144	148
145	149
146	150
147	151
148	152
149	153
150	154
151	155
152	156
153	157
154	158
155	159
156	160
157	161
158	162
159	163
160	164
161	165
162	166
163	167
164	168
165	169
166	170
167	171
168	172
169	173
170	174
171	175
172	176
173	177
174	178
175	179
176	180
177	181
178	182
179	183
180	184
181	185
182	186
183	187
184	188
185	189
186	190
187	191
188	192
189	193
190	194
191	197
192	198
193	199
194	200
195	201
196	202
197	203
198	204
199	205
200	206
201	207
202	208
203	209
204	210
205	211
206	212
207	213
208	214
209	215
210	216
211	217
212	218
213	219
214	220
215	221
216	222
217	223
218	224
219	225
220	226
221	227
222	228
223	229
224	230
225	231
226	232
227	233
228	234
229	235
230	236
231	237
232	238
233	239
234	240
235	241
236	242
237	243
238	244
239	245
240	246
241	247
242	248
243	249
244	250
245	251
246	252
247	253
248	254
249	255
250	256
251	257
252	258
253	259
254	260
255	261
256	262
257	263
258	264
259	265
260	266
261	267
262	268
263	269
264	270
265	271
266	272
267	273
268	274
269	275
270	276
271	277
272	278
273	279
274	280
275	281
276	282
277	283
278	284
279	285
280	289
281	290
282	291
283	292
284	293
285	294
286	295
287	296
288	297
289	298
290	299
291	300
292	301
293	302
294	303
295	304
296	305
297	306
298	307
299	308
300	309
301	310
302	311
303	312
304	313
305	314
306	315
307	316
308	317
309	318
310	319
311	320
312	321
313	322
314	323
315	324
316	325
317	326
318	327
319	328
320	329
321	330
322	331
323	332
324	333
325	334
326	335
327	336
328	337
329	338
330	339
331	340
332	341
333	342
334	343
335	344
336	345
337	346
338	347
339	348
340	349
341	350
342	351
343	352
344	353
345	354
346	355
347	356
348	357
349	358
350	361
351	362
352	363
353	364
354	365
355	366
356	367
357	368
358	369
359	370
360	371
361	372
362	373
363	374
364	375
365	376
366	377
367	378
368	379
369	380
370	381
371	382
372	383
373	384
374	385
375	386
376	387
377	388
378	389
379	390
380	391
381	392
382	393
383	394
384	395
385	396
386	397
387	398
388	399
389	400
390	401
391	402
392	403
393	404
394	405
395	406
396	407
397	408
398	409
399	410
400	411
401	412
402	413
403	414
404	415
405	416
406	417
407	418
408	419
409	420
410	421
411	422
412	423
413	424
414	425
415	426
416	427
417	428
418	429
419	430
420	431
421	432
422	433
423	434
424	435
425	436
426	437
427	438
428	439
429	440
430	441
431	442
432	443
433	444
434	445
435	446
436	447
437	448
438	449
439	450
440	451
441	452
442	455
443	456
444	457
445	458
446	459
447	460
448	461
449	462
450	463
451	464
452	465
453	466
454	467
455	468
456	469
457	470
458	471
459	472
460	473
461	474
462	475
463	476
464	477
465	478
466	479
467	480
468	481
469	482
470	483
471	484
472	485
473	486
474	487
475	488
476	489
477	490
478	491
479	492
480	493
481	494
482	495
483	496
484	497
485	498
486	499
487	500
488	501
489	502
490	503
491	504
492	505
493	506
494	507
495	508
496	509
497	510
498	511
499	512
500	513
501	514
502	515
503	516
504	517
505	518
506	519
507	520
508	521
509	522
510	523
511	524
512	525
513	526
514	527
515	528
516	529
517	530
518	531
519	532
520	533
521	534
522	535
523	536
524	537
525	538
526	539
527	540
528	541
529	542
530	543
531	544
532	545
533	546
534	547
535	548
536	549
537	550
538	551
539	552
540	553
541	554
542	555
543	556
544	557
545	558
546	559
547	560
548	561
549	562
550	563
551	564
552	565
553	566
554	567
555	568
556	569
557	570
558	571
559	572
560	573
561	574
562	575
563	576
564	577
565	578
566	579
567	580
568	581
569	582
570	583
571	584
572	585
573	586
574	587
575	588
576	589
577	590
578	591
579	592
580	593
581	594
582	595
583	596
584	597
585	598
586	599
587	600
588	601
589	602
590	603
591	604
592	605
593	606
594	607
595	608
596	609
597	610
598	611
599	612
600	613
601	614
602	615
603	616
604	617
605	618
606	619
607	620
608	621
609	622
610	623
611	624
612	625
613	626
614	627
615	628
616	629
617	630
618	631
619	632
620	633
621	634
622	635
623	636
624	637
625	638
626	639
627	640
628	641
629	642
630	643
631	644
632	645
633	646
634	647
635	648
636	649
637	650
638	651
639	652
640	653
641	654
642	655
643	656
644	657
645	658
646	659
647	660
648	661
649	664
650	665
651	666
652	667
653	668
654	669
655	670
656	671
657	672
658	673
659	674
660	675
661	676
662	677
663	678
664	679
665	680
666	681
667	682
668	683
669	684
670	685
671	686
672	687
673	688
674	689
675	690
676	691
677	692
678	693
679	694
680	695
681	696
682	697
683	698
684	699
685	700
686	701
687	702
688	703
689	704
690	705
691	706
692	707
693	708
694	709
695	710
696	711
697	712
698	713
699	714
700	715
701	716
702	717
703	718
704	719
705	720
706	721
707	722
708	723
709	724
710	725
711	726
712	727
713	728
714	729
715	730
716	731
717	732
718	733
719	734
720	735
721	736
722	737
723	738
724	739
725	740
726	741
727	742
728	743
729	744
730	745
731	746
732	747
733	748
734	749
735	750
736	751
737	752
738	753
739	754
740	755
741	756
742	757
743	758
744	759
745	760
746	761
747	764
748	765
749	766
750	767
751	768
752	769
753	770
754	771
755	772
756	773
757	774
758	775
759	776
760	777
761	778
762	779
763	780
764	781
765	782
766	783
767	784
768	785
769	786
770	787
771	788
772	789
773	790
774	791
775	792
776	793
777	794
778	795
779	796
780	797
781	798
782	799
783	800
784	801
785	802
786	803
787	804
788	805
789	806
790	807
791	808
792	809
793	810
794	811
795	812
796	813
797	814
798	815
799	816
800	817
801	818
802	819
803	820
804	821
805	822
806	823
807	824
808	825
809	826
810	827
811	828
812	829
813	830
814	831
815	832
816	833
817	834
818	835
819	836
820	837
821	838
822	839
823	840
824	841
825	842
826	843
827	844
828	845
829	846
830	847
831	848
832	849
833	850
834	851
835	852
836	853
837	854
838	855
839	856
840	857
841	858
842	859
843	860
844	861
845	862
846	863
847	864
848	865
849	866
850	867
851	868
852	869
853	870
854	871
855	872
856	873
857	874
858	875
859	876
860	877
861	878
862	879
863	880
864	881
865	882
866	883
867	884
868	885
869	886
870	887
871	888
872	889
873	890
874	891
875	892
876	893
877	894
878	895
879	896
880	897
881	898
882	899
883	900
884	901
885	902
886	903
887	904
888	905
889	906
890	907
891	908
892	909
893	910
894	911
895	912
896	913
897	914
898	915
899	916
900	917
901	918
902	919
903	920
904	921
905	922
906	923
907	924
908	925
909	926
910	927
911	930
912	931
913	932
914	933
915	934
916	935
917	936
918	937
919	938
920	939
921	940
922	941
923	942
924	943
925	944
926	945
927	946
928	947
929	948
930	949
931	950
932	951
933	952
934	953
935	954
936	955
937	956
938	957
939	958
940	959
941	960
942	961
943	962
944	963
945	964
946	965
947	966
948	967
949	968
950	969
951	970
952	971
953	972
954	973
955	974
956	975
957	976
958	977
959	978
960	979
961	980
962	981
963	982
964	983
965	984
966	985
967	986
968	987
969	988
970	989
971	990
972	991
973	992
974	993
975	994
976	995
977	996
978	997
979	998
980	999
981	1000
982	1001
983	1002
984	1003
985	1004
986	1005
987	1006
988	1007
989	1008
990	1009
991	1010
992	1011
993	1012
994	1013
995	1014
996	1015
997	1016
998	1017
999	1018
1000	1019
1001	1020
1002	1021
1003	1022
1004	1023
1005	1026
1006	1027
1007	1028
1008	1029
1009	1030
1010	1031
1011	1032
1012	1033
1013	1034
1014	1035
1015	1036
1016	1037
1017	1038
1018	1039
1019	1040
1020	1041
1021	1042
1022	1043
1023	1044
1024	1045
1025	1046
1026	1047
1027	1048
1028	1049
1029	1050
1030	1051
1031	1052
1032	1053
1033	1054
1034	1055
1035	1056
1036	1057
1037	1058
1038	1059
1039	1060
1040	1061
1041	1062
1042	1063
1043	1064
1044	1065
1045	1066
1046	1069
1047	1070
1048	1071
1049	1072
1050	1073
1051	1074
1052	1075
1053	1076
1054	1077
1055	1078
1056	1079
1057	1080
1058	1081
1059	1082
1060	1083
1061	1084
1062	1085
1063	1086
1064	1087
1065	1088
1066	1089
1067	1090
1068	1091
1069	1092
1070	1093
1071	1094
1072	1095
1073	1096
1074	1097
1075	1098
1076	1099
1077	1100
1078	1101
1079	1102
1080	1103
1081	1104
1082	1105
1083	1106
1084	1107
1085	1108
1086	1109
1087	1110
1088	1111
1089	1112
1090	1113
1091	1114
1092	1115
1093	1116
1094	1117
1095	1118
1096	1119
1097	1120
1098	1121
1099	1122
1100	1123
1101	1124
1102	1125
1103	1126
1104	1127
1105	1128
1106	1129
1107	1130
1108	1131
1109	1132
1110	1133
1111	1134
1112	1135
1113	1136
1114	1137
1115	1138
1116	1139
1117	1140
1118	1141
1119	1142
1120	1143
1121	1144
1122	1145
1123	1146
1124	1147
1125	1148
1126	1149
1127	1150
1128	1151
1129	1152
1130	1153
1131	1154
1132	1155
1133	1156
1134	1157
1135	1158
1136	1159
1137	1160
1138	1161
1139	1162
1140	1165
1141	1166
1142	1167
1143	1168
1144	1169
1145	1170
1146	1171
1147	1172
1148	1173
1149	1174
1150	1175
1151	1176
1152	1177
1153	1178
1154	1179
1155	1180
1156	1181
1157	1182
1158	1183
1159	1184
1160	1185
1161	1186
1162	1187
1163	1188
1164	1189
1165	1190
1166	1191
1167	1192
1168	1193
1169	1194
1170	1195
1171	1196
1172	1197
1173	1198
1174	1199
1175	1200
1176	1201
1177	1202
1178	1203
1179	1204
1180	1205
1181	1206
1182	1207
1183	1208
1184	1209
1185	1210
1186	1211
1187	1212
1188	1213
1189	1214
1190	1215
1191	1216
1192	1217
1193	1218
1194	1219
1195	1220
1196	1221
1197	1222
1198	1223
1199	1226
1200	1227
1201	1228
1202	1229
1203	1230
1204	1231
1205	1232
1206	1233
1207	1234
1208	1235
1209	1236
1210	1237
1211	1238
1212	1239
1213	1240
1214	1241
1215	1242
1216	1243
1217	1244
1218	1245
1219	1246
1220	1247
1221	1248
1222	1249
1223	1250
1224	1251
1225	1252
1226	1253
1227	1254
1228	1255
1229	1256
1230	1257
1231	1258
1232	1259
1233	1260
1234	1261
1235	1262
1236	1263
1237	1264
1238	1265
1239	1266
1240	1267
1241	1268
1242	1269
1243	1270
1244	1271
1245	1272
1246	1273
1247	1274
1248	1275
1249	1276
1250	1277
1251	1278
1252	1279
1253	1280
1254	1281
1255	1282
1256	1283
1257	1284
1258	1285
1259	1286
1260	1287
1261	1288
1262	1289
1263	1290
1264	1291
1265	1292
1266	1293
1267	1294
1268	1295
1269	1296
1270	1297
1271	1298
1272	1299
1273	1300
1274	1301
1275	1302
1276	1303
1277	1304
1278	1305
1279	1306
1280	1307
1281	1308
1282	1309
1283	1310
1284	1311
1285	1312
1286	1313
1287	1314
1288	1315
1289	1316
1290	1317
1291	1318
1292	1319
1293	1320
1294	1321
1295	1322
1296	1323
1297	1324
1298	1325
1299	1326
1300	1327
1301	1328
1302	1329
1303	1330
1304	1331
1305	1332
1306	1333
1307	1334
1308	1335
1309	1336
1310	1337
1311	1338
1312	1339
1313	1340
1314	1341
1315	1342
1316	1343
1317	1344
1318	1345
1319	1346
1320	1347
1321	1348
1322	1349
1323	1350
1324	1351
1325	1352
1326	1353
1327	1354
1328	1355
1329	1356
1330	1357
1331	1358
1332	1359
1333	1360
1334	1361
1335	1362
1336	1363
1337	1364
1338	1365
1339	1366
1340	1367
1341	1368
1342	1369
1343	1370
1344	1371
1345	1372
1346	1373
1347	1374
1348	1375
1349	1376
1350	1377
1351	1378
1352	1379
1353	1380
1354	1381
1355	1382
1356	1383
1357	1384
1358	1385
1359	1386
1360	1387
1361	1388
1362	1389
1363	1390
1364	1391
1365	1392
1366	1393
1367	1394
1368	1395
1369	1396
1370	1397
1371	1398
1372	1399
1373	1400
1374	1401
1375	1402
1376	1403
1377	1404
1378	1405
1379	1406
1380	1407
1381	1408
1382	1409
1383	1410
1384	1411
1385	1412
1386	1413
1387	1414
1388	1415
1389	1416
1390	1417
1391	1418
1392	1419
1393	1420
1394	1421
1395	1422
1396	1423
1397	1424
1398	1425
1399	1426
1400	1427
1401	1428
1402	1429
1403	1430
1404	1431
1405	1432
1406	1433
1407	1434
1408	1437
1409	1438
1410	1439
1411	1440
1412	1441
1413	1442
1414	1443
1415	1444
1416	1445
1417	1446
1418	1447
1419	1448
1420	1449
1421	1450
1422	1451
1423	1452
1424	1453
1425	1454
1426	1455
1427	1456
1428	1457
1429	1458
1430	1459
1431	1460
1432	1461
1433	1462
1434	1463
1435	1464
1436	1465
1437	1466
1438	1467
1439	1468
1440	1469
1441	1470
1442	1471
1443	1472
1444	1473
1445	1474
1446	1475
1447	1476
1448	1477
1449	1478
1450	1479
1451	1480
1452	1481
1453	1482
1454	1483
1455	1484
1456	1487
1457	1488
1458	1489
1459	1490
1460	1491
1461	1492
1462	1493
1463	1494
1464	1495
1465	1496
1466	1497
1467	1498
1468	1499
1469	1500
1470	1501
1471	1502
1472	1503
1473	1504
1474	1505
1475	1506
1476	1507
1477	1508
1478	1509
1479	1510
1480	1511
1481	1512
1482	1513
1483	1514
1484	1515
1485	1516
1486	1519
1487	1521
1488	1522
1489	1523
1490	1524
1491	1525
1492	1526
1493	1527
1494	1528
1495	1529
1496	1530
1497	1531
1498	1532
1499	1533
1500	1534
1501	1535
1502	1536
1503	1537
1504	1538
1505	1539
1506	1540
1507	1541
1508	1542
1509	1543
1510	1544
1511	1545
1512	1546
1513	1547
1514	1548
1515	1549
1516	1550
1517	1551
1518	1552
1519	1553
1520	1554
1521	1555
1522	1556
1523	1557
1524	1558
1525	1559
1526	1560
1527	1561
1528	1562
1529	1563
1530	1564
1531	1565
1532	1566
1533	1567
1534	1568
1535	1569
1536	1570
1537	1571
1538	1572
1539	1573
1540	1574
1541	1575
1542	1576
1543	1577
1544	1578
1545	1579
1546	1580
1547	1581
1548	1582
1549	1583
1550	1584
1551	1585
1552	1586
1553	1587
1554	1588
1555	1589
1556	1590
1557	1591
1558	1592
1559	1593
1560	1594
1561	1595
1562	1596
1563	1597
1564	1598
1565	1599
1566	1600
1567	1601
1568	1602
1569	1603
1570	1604
1571	1605
1572	1606
1573	1607
1574	1608
1575	1609
1576	1610
1577	1611
1578	1612
1579	1613
1580	1614
1581	1615
1582	1616
1583	1617
1584	1618
1585	1619
1586	1620
1587	1621
1588	1622
1589	1623
1590	1624
1591	1625
1592	1626
1593	1627
1594	1628
1595	1629
1596	1630
1597	1631
1598	1632
1599	1633
1600	1634
1601	1635
1602	1636
1603	1637
1604	1638
1605	1639
1606	1640
1607	1641
1608	1642
1609	1643
1610	1644
1611	1645
1612	1646
1613	1647
1614	1648
1615	1649
1616	1650
1617	1651
1618	1652
1619	1653
1620	1654
1621	1655
1622	1656
1623	1657
1624	1658
1625	1659
1626	1660
1627	1661
1628	1662
1629	1663
1630	1664
1631	1665
1632	1666
1633	1667
1634	1668
1635	1669
1636	1670
1637	1671
1638	1672
1639	1673
1640	1674
1641	1675
1642	1676
1643	1677
1644	1678
1645	1679
1646	1680
1647	1681
1648	1682
1649	1683
1650	1684
1651	1685
1652	1686
1653	1687
1654	1688
1655	1689
1656	1690
1657	1691
1658	1692
1659	1693
1660	1694
1661	1695
1662	1696
1663	1697
1664	1698
1665	1699
1666	1700
1667	1701
1668	1702
1669	1703
1670	1704
1671	1705
1672	1706
1673	1707
1674	1708
1675	1709
1676	1710
1677	1711
1678	1712
1679	1713
1680	1714
1681	1715
1682	1716
1683	1717
1684	1718
1685	1719
1686	1720
1687	1721
1688	1722
1689	1723
1690	1724
1691	1725
1692	1726
1693	1727
1694	1728
1695	1729
1696	1730
1697	1731
1698	1732
1699	1733
1700	1734
1701	1735
1702	1736
1703	1737
1704	1738
1705	1739
1706	1740
1707	1741
1708	1742
1709	1743
1710	1744
1711	1745
1712	1746
1713	1747
1714	1748
1715	1749
1716	1750
1717	1751
1718	1752
1719	1753
1720	1754
1721	1755
1722	1756
1723	1757
1724	1758
1725	1759
1726	1760
1727	1761
1728	1762
1729	1763
1730	1764
1731	1765
1732	1766
1733	1767
1734	1768
1735	1769
1736	1772
1737	1773
1738	1774
1739	1775
1740	1776
1741	1777
1742	1778
1743	1779
1744	1780
1745	1781
1746	1782
1747	1783
1748	1784
1749	1785
1750	1786
1751	1787
1752	1788
1753	1789
1754	1790
1755	1791
1756	1792
1757	1793
1758	1794
1759	1795
1760	1796
1761	1797
1762	1798
1763	1799
1764	1800
1765	1801
1766	1802
1767	1803
1768	1804
1769	1805
1770	1806
1771	1807
1772	1808
1773	1809
1774	1810
1775	1811
1776	1812
1777	1813
1778	1814
1779	1815
1780	1816
1781	1817
1782	1818
1783	1819
1784	1820
1785	1821
1786	1822
1787	1823
1788	1824
1789	1825
1790	1826
1791	1827
1792	1828
1793	1829
1794	1830
1795	1831
1796	1832
1797	1833
1798	1834
1799	1835
1800	1836
1801	1837
1802	1838
1803	1839
1804	1840
1805	1841
1806	1842
1807	1843
1808	1844
1809	1847
1810	1848
1811	1849
1812	1850
1813	1851
1814	1852
1815	1853
1816	1854
1817	1855
1818	1856
1819	1857
1820	1858
1821	1859
1822	1860
1823	1861
1824	1862
1825	1863
1826	1864
1827	1865
1828	1866
1829	1867
1830	1868
1831	1869
1832	1870
1833	1871
1834	1872
1835	1873
1836	1874
1837	1875
1838	1876
1839	1877
1840	1878
1841	1879
1842	1880
1843	1881
1844	1882
1845	1883
1846	1884
1847	1885
1848	1886
1849	1887
1850	1888
1851	1889
1852	1890
1853	1891
1854	1892
1855	1893
1856	1894
1857	1895
1858	1896
1859	1897
1860	1898
1861	1899
1862	1900
1863	1901
1864	1902
1865	1903
1866	1904
1867	1905
1868	1906
1869	1907
1870	1908
1871	1909
1872	1910
1873	1911
1874	1912
1875	1913
1876	1914
1877	1915
1878	1916
1879	1917
1880	1918
1881	1919
1882	1920
1883	1921
1884	1922
1885	1923
1886	1924
1887	1925
1888	1926
1889	1927
1890	1928
1891	1929
1892	1930
1893	1931
1894	1932
1895	1933
1896	1934
1897	1935
1898	1936
1899	1937
1900	1938
1901	1939
1902	1940
1903	1941
1904	1942
1905	1943
1906	1944
1907	1945
1908	1946
1909	1947
1910	1948
1911	1949
1912	1950
1913	1951
1914	1952
1915	1953
1916	1954
1917	1955
1918	1956
1919	1957
1920	1958
1921	1959
1922	1960
1923	1961
1924	1962
1925	1963
1926	1964
1927	1965
1928	1966
1929	1967
1930	1968
1931	1969
1932	1970
1933	1971
1934	1972
1935	1973
1936	1974
1937	1975
1938	1976
1939	1977
1940	1978
1941	1979
1942	1980
1943	1981
1944	1982
1945	1983
1946	1984
1947	1985
1948	1986
1949	1987
1950	1988
1951	1989
1952	1990
1953	1991
1954	1992
1955	1993
1956	1994
1957	1995
1958	1998
1959	1999
1960	2000
1961	2001
1962	2002
1963	2003
1964	2004
1965	2005
1966	2006
1967	2007
1968	2008
1969	2009
1970	2010
1971	2011
1972	2012
1973	2013
1974	2014
1975	2015
1976	2016
1977	2017
1978	2018
1979	2019
1980	2020
1981	2021
1982	2022
1983	2023
1984	2024
1985	2025
1986	2026
1987	2027
1988	2028
1989	2029
1990	2030
1991	2031
1992	2032
1993	2033
1994	2034
1995	2035
1996	2036
1997	2037
1998	2038
1999	2039
2000	2040
2001	2041
2002	2042
2003	2043
2004	2044
2005	2045
2006	2046
2007	2047
2008	2048
2009	2049
2010	2050
2011	2051
2012	2052
2013	2053
2014	2054
2015	2055
2016	2056
2017	2057
2018	2058
2019	2059
2020	2060
2021	2061
2022	2062
2023	2063
2024	2064
2025	2065
2026	2066
2027	2067
2028	2068
2029	2069
2030	2070
2031	2071
2032	2072
2033	2073
2034	2074
2035	2075
2036	2076
2037	2077
2038	2078
2039	2079
2040	2080
2041	2081
2042	2082
2043	2083
2044	2084
2045	2085
2046	2086
2047	2087
2048	2088
2049	2089
2050	2090
2051	2091
2052	2092
2053	2093
2054	2094
2055	2095
2056	2096
2057	2097
2058	2098
2059	2099
2060	2100
2061	2101
2062	2102
2063	2103
2064	2104
2065	2105
2066	2106
2067	2107
2068	2108
2069	2109
2070	2110
2071	2111
2072	2112
2073	2113
2074	2114
2075	2115
2076	2116
2077	2117
2078	2118
2079	2119
2080	2120
2081	2121
2082	2122
2083	2123
2084	2124
2085	2125
2086	2126
2087	2127
2088	2128
2089	2129
2090	2130
2091	2131
2092	2132
2093	2133
2094	2134
2095	2135
2096	2136
2097	2137
2098	2138
2099	2139
2100	2140
2101	2141
2102	2142
2103	2143
2104	2144
2105	2145
2106	2146
2107	2147
2108	2148
2109	2149
2110	2150
2111	2151
2112	2152
2113	2153
2114	2154
2115	2155
2116	2156
2117	2157
2118	2158
2119	2159
2120	2160
2121	2161
2122	2162
2123	2163
2124	2164
2125	2165
2126	2166
2127	2167
2128	2168
2129	2169
2130	2170
2131	2171
2132	2172
2133	2173
2134	2174
2135	2175
2136	2176
2137	2177
2138	2178
2139	2179
2140	2180
2141	2181
2142	2182
2143	2183
2144	2184
2145	2185
2146	2186
2147	2187
2148	2188
2149	2189
2150	2190
2151	2191
2152	2192
2153	2193
2154	2194
2155	2195
2156	2196
2157	2197
2158	2198
2159	2199
2160	2200
2161	2201
2162	2202
2163	2203
2164	2204
2165	2205
2166	2206
2167	2207
2168	2208
2169	2209
2170	2210
2171	2211
2172	2212
2173	2213
2174	2214
2175	2215
2176	2216
2177	2217
2178	2218
2179	2219
2180	2220
2181	2221
2182	2222
2183	2223
2184	2224
2185	2225
2186	2226
2187	2227
2188	2228
2189	2231
2190	2232
2191	2233
2192	2234
2193	2235
2194	2236
2195	2237
2196	2238
2197	2239
2198	2240
2199	2241
2200	2242
2201	2243
2202	2244
2203	2245
2204	2246
2205	2247
2206	2248
2207	2249
2208	2250
2209	2251
2210	2252
2211	2253
2212	2254
2213	2255
2214	2256
2215	2257
2216	2258
2217	2259
2218	2260
2219	2261
2220	2262
2221	2263
2222	2264
2223	2265
2224	2266
2225	2267
2226	2268
2227	2269
2228	2270
2229	2271
2230	2272
2231	2273
2232	2274
2233	2275
2234	2276
2235	2277
2236	2278
2237	2279
2238	2280
2239	2281
2240	2282
2241	2283
2242	2284
2243	2285
2244	2286
2245	2287
2246	2288
2247	2289
2248	2290
2249	2291
2250	2292
2251	2293
2252	2294
2253	2295
2254	2296
2255	2297
2256	2298
2257	2299
2258	2300
2259	2301
2260	2302
2261	2303
2262	2304
2263	2305
2264	2306
2265	2307
2266	2308
2267	2309
2268	2310
2269	2311
2270	2312
2271	2313
2272	2314
2273	2315
2274	2316
2275	2317
2276	2318
2277	2319
2278	2320
2279	2321
2280	2322
2281	2323
2282	2324
2283	2325
2284	2326
2285	2327
2286	2328
2287	2329
2288	2330
2289	2331
2290	2332
2291	2333
2292	2334
2293	2335
2294	2336
2295	2337
2296	2338
2297	2339
2298	2340
2299	2341
2300	2342
2301	2343
2302	2344
2303	2345
2304	2346
2305	2347
2306	2348
2307	2349
2308	2350
2309	2351
2310	2352
2311	2353
2312	2354
2313	2355
2314	2356
2315	2357
2316	2358
2317	2359
2318	2360
2319	2361
2320	2362
2321	2363
2322	2364
2323	2365
2324	2366
2325	2367
2326	2368
2327	2369
2328	2370
2329	2371
2330	2372
2331	2373
2332	2374
2333	2375
2334	2376
2335	2377
2336	2378
2337	2379
2338	2380
2339	2381
2340	2382
2341	2383
2342	2384
2343	2385
2344	2386
2345	2387
2346	2388
2347	2389
2348	2390
2349	2391
2350	2392
2351	2393
2352	2394
2353	2395
2354	2396
2355	2397
2356	2398
2357	2399
2358	2400
2359	2401
2360	2402
2361	2403
2362	2404
2363	2405
2364	2406
2365	2407
2366	2408
2367	2409
2368	2410
2369	2411
2370	2412
2371	2413
2372	2414
2373	2415
2374	2416
2375	2417
2376	2420
2377	2421
2378	2422
2379	2423
2380	2424
2381	2425
2382	2426
2383	2427
2384	2428
2385	2429
2386	2430
2387	2431
2388	2432
2389	2433
2390	2434
2391	2435
2392	2436
2393	2437
2394	2438
2395	2439
2396	2440
2397	2441
2398	2442
2399	2443
2400	2444
2401	2445
2402	2448
2403	2449
2404	2450
2405	2451
2406	2452
2407	2453
2408	2454
2409	2455
2410	2456
2411	2457
2412	2458
2413	2459
2414	2460
2415	2461
2416	2462
2417	2463
2418	2464
2419	2465
2420	2466
2421	2467
2422	2468
2423	2469
2424	2470
2425	2471
2426	2472
2427	2473
2428	2474
2429	2475
2430	2476
2431	2477
2432	2478
2433	2479
2434	2480
2435	2481
2436	2482
2437	2483
2438	2484
2439	2487
2440	2488
2441	2489
2442	2490
2443	2491
2444	2492
2445	2493
2446	2494
2447	2495
2448	2496
2449	2497
2450	2498
2451	2499
2452	2500
2453	2501
2454	2502
2455	2503
2456	2504
2457	2505
2458	2506
2459	2507
2460	2508
2461	2509
2462	2510
2463	2511
2464	2512
2465	2513
2466	2514
2467	2515
2468	2516
2469	2517
2470	2518
2471	2519
2472	2520
2473	2521
2474	2522
2475	2523
2476	2524
2477	2525
2478	2526
2479	2527
2480	2528
2481	2529
2482	2530
2483	2531
2484	2532
2485	2533
2486	2534
2487	2535
2488	2536
2489	2537
2490	2538
2491	2539
2492	2542
2493	2543
2494	2544
2495	2545
2496	2546
2497	2547
2498	2548
2499	2549
2500	2550
2501	2551
2502	2552
2503	2553
2504	2554
2505	2555
2506	2556
2507	2557
2508	2558
2509	2559
2510	2560
2511	2561
2512	2562
2513	2563
2514	2564
2515	2565
2516	2566
2517	2567
2518	2568
2519	2569
2520	2570
2521	2571
2522	2572
2523	2573
2524	2574
2525	2575
2526	2576
2527	2577
2528	2578
2529	2579
2530	2580
2531	2581
2532	2582
2533	2583
2534	2584
2535	2585
2536	2586
2537	2587
2538	2588
2539	2589
2540	2590
2541	2591
2542	2592
2543	2593
2544	2594
2545	2595
2546	2596
2547	2597
2548	2598
2549	2599
2550	2600
2551	2601
2552	2602
2553	2603
2554	2604
2555	2605
2556	2606
2557	2607
2558	2608
2559	2609
2560	2610
2561	2611
2562	2612
2563	2613
2564	2614
2565	2615
2566	2616
2567	2617
2568	2618
2569	2619
2570	2620
2571	2621
2572	2622
2573	2623
2574	2624
2575	2625
2576	2626
2577	2627
2578	2628
2579	2629
2580	2630
2581	2631
2582	2632
2583	2633
2584	2634
2585	2635
2586	2636
2587	2637
2588	2638
2589	2639
2590	2640
2591	2641
2592	2642
2593	2643
2594	2644
2595	2645
2596	2646
2597	2647
2598	2648
2599	2649
2600	2650
2601	2651
2602	2652
2603	2653
2604	2654
2605	2655
2606	2656
2607	2657
2608	2658
2609	2659
2610	2660
2611	2661
2612	2662
2613	2663
2614	2664
2615	2665
2616	2666
2617	2667
2618	2668
2619	2669
2620	2670
2621	2671
2622	2672
2623	2673
2624	2674
2625	2675
2626	2676
2627	2677
2628	2678
2629	2679
2630	2680
2631	2681
2632	2682
2633	2683
2634	2684
2635	2685
2636	2686
2637	2687
2638	2688
2639	2689
2640	2690
2641	2691
2642	2692
2643	2693
2644	2694
2645	2695
2646	2696
2647	2697
2648	2698
2649	2699
2650	2700
2651	2701
2652	2702
2653	2703
2654	2704
2655	2705
2656	2706
2657	2707
2658	2708
2659	2709
2660	2710
2661	2711
2662	2712
2663	2713
2664	2714
2665	2715
2666	2716
2667	2717
2668	2718
2669	2719
2670	2720
2671	2721
2672	2722
2673	2723
2674	2724
2675	2725
2676	2726
2677	2727
2678	2728
2679	2729
2680	2730
2681	2731
2682	2732
2683	2733
2684	2734
2685	2735
2686	2736
2687	2737
2688	2738
2689	2739
2690	2740
2691	2741
2692	2742
2693	2743
2694	2744
2695	2745
2696	2746
2697	2747
2698	2748
2699	2749
2700	2750
2701	2751
2702	2752
2703	2753
2704	2754
2705	2755
2706	2756
2707	2757
2708	2758
2709	2759
2710	2760
2711	2761
2712	2762
2713	2763
2714	2764
2715	2765
2716	2766
2717	2767
2718	2768
2719	2770
2720	2771
2721	2772
2722	2773
2723	2774
2724	2775
2725	2776
2726	2777
2727	2778
2728	2779
2729	2780
2730	2781
2731	2782
2732	2783
2733	2784
2734	2785
2735	2786
2736	2787
2737	2788
2738	2789
2739	2790
2740	2791
2741	2792
2742	2793
2743	2794
2744	2795
2745	2796
2746	2797
2747	2798
2748	2799
2749	2800
2750	2801
2751	2802
2752	2803
2753	2806
2754	2807
2755	2808
2756	2809
2757	2810
2758	2811
2759	2812
2760	2813
2761	2814
2762	2815
2763	2816
2764	2817
2765	2818
2766	2819
2767	2820
2768	2821
2769	2822
2770	2823
2771	2824
2772	2825
2773	2826
2774	2827
2775	2828
2776	2829
2777	2830
2778	2831
2779	2832
2780	2833
2781	2834
2782	2837
2783	2838
2784	2839
2785	2840
2786	2841
2787	2842
2788	2843
2789	2844
2790	2845
2791	2846
2792	2847
2793	2848
2794	2849
2795	2850
2796	2851
2797	2852
2798	2853
2799	2854
2800	2855
2801	2856
2802	2857
2803	2858
2804	2859
2805	2860
2806	2861
2807	2862
2808	2863
2809	2864
2810	2865
2811	2866
2812	2867
2813	2870
2814	2871
2815	2872
2816	2873
2817	2874
2818	2875
2819	2876
2820	2877
2821	2878
2822	2879
2823	2880
2824	2881
2825	2882
2826	2883
2827	2884
2828	2885
2829	2886
2830	2887
2831	2888
2832	2889
2833	2890
2834	2891
2835	2892
2836	2893
2837	2894
2838	2895
2839	2896
2840	2897
2841	2898
2842	2899
2843	2900
2844	2901
2845	2902
2846	2903
2847	2904
2848	2905
2849	2906
2850	2907
2851	2908
2852	2909
2853	2910
2854	2911
2855	2912
2856	2913
2857	2914
2858	2915
2859	2916
2860	2917
2861	2918
2862	2919
2863	2920
2864	2921
2865	2922
2866	2923
2867	2924
2868	2925
2869	2926
2870	2927
2871	2928
2872	2929
2873	2930
2874	2931
2875	2932
2876	2933
2877	2936
2878	2937
2879	2938
2880	2939
2881	2940
2882	2941
2883	2942
2884	2943
2885	2944
2886	2945
2887	2946
2888	2947
2889	2948
2890	2949
2891	2950
2892	2951
2893	2952
2894	2953
2895	2954
2896	2955
2897	2956
2898	2957
2899	2958
2900	2959
2901	2960
2902	2961
2903	2962
2904	2963
2905	2964
2906	2965
2907	2966
2908	2967
2909	2968
2910	2969
2911	2970
2912	2971
2913	2972
2914	2973
2915	2974
2916	2975
2917	2976
2918	2977
2919	2978
2920	2979
2921	2980
2922	2981
2923	2982
2924	2983
2925	2984
2926	2985
2927	2986
2928	2987
2929	2988
2930	2989
2931	2990
2932	2991
2933	2992
2934	2993
2935	2994
2936	2996
2937	2997
2938	2998
2939	2999
2940	3000
2941	3001
2942	3002
2943	3003
2944	3004
2945	3005
2946	3006
2947	3007
2948	3008
2949	3009
2950	3010
2951	3011
2952	3012
2953	3013
2954	3014
2955	3015
2956	3016
2957	3017
2958	3018
2959	3019
2960	3020
2961	3021
2962	3022
2963	3023
2964	3024
2965	3025
2966	3026
2967	3027
2968	3028
2969	3029
2970	3030
2971	3031
2972	3032
2973	3033
2974	3034
2975	3035
2976	3036
2977	3037
2978	3038
2979	3039
2980	3040
2981	3041
2982	3042
2983	3043
2984	3044
2985	3045
2986	3046
2987	3049
2988	3050
2989	3051
2990	3052
2991	3053
2992	3056
2993	3057
2994	3058
2995	3059
2996	3060
2997	3061
2998	3062
2999	3063
3000	3064
3001	3065
3002	3066
3003	3067
3004	3068
3005	3069
3006	3070
3007	3071
3008	3072
3009	3073
3010	3074
3011	3075
3012	3076
3013	3077
3014	3078
3015	3079
3016	3080
3017	3081
3018	3082
3019	3083
3020	3084
3021	3085
3022	3086
3023	3087
3024	3088
3025	3089
3026	3090
3027	3091
3028	3092
3029	3093
3030	3094
3031	3095
3032	3096
3033	3097
3034	3098
3035	3099
3036	3102
3037	3103
3038	3104
3039	3105
3040	3106
3041	3107
3042	3108
3043	3109
3044	3110
3045	3111
3046	3112
3047	3113
3048	3114
3049	3115
3050	3116
3051	3117
3052	3118
3053	3119
3054	3120
3055	3121
3056	3122
3057	3123
3058	3124
3059	3125
3060	3126
3061	3127
3062	3128
3063	3129
3064	3130
3065	3131
3066	3132
3067	3133
3068	3134
3069	3135
3070	3136
3071	3137
3072	3138
3073	3139
3074	3140
3075	3141
3076	3142
3077	3143
3078	3144
3079	3145
3080	3146
3081	3147
3082	3148
3083	3149
3084	3150
3085	3151
3086	3152
3087	3153
3088	3154
3089	3155
3090	3156
3091	3157
3092	3158
3093	3159
3094	3160
3095	3161
3096	3162
3097	3163
3098	3164
3099	3165
3100	3166
3101	3167
3102	3168
3103	3169
3104	3170
3105	3171
3106	3172
3107	3173
3108	3174
3109	3175
3110	3176
3111	3177
3112	3178
3113	3179
3114	3180
3115	3181
3116	3182
3117	3183
3118	3184
3119	3185
3120	3186
3121	3187
3122	3188
3123	3189
3124	3190
3125	3191
3126	3192
3127	3193
3128	3196
3129	3197
3130	3198
3131	3199
3132	3200
3133	3201
3134	3202
3135	3203
3136	3204
3137	3205
3138	3206
3139	3207
3140	3208
3141	3209
3142	3210
3143	3211
3144	3212
3145	3213
3146	3214
3147	3215
3148	3216
3149	3217
3150	3218
3151	3219
3152	3220
3153	3221
3154	3222
3155	3223
3156	3224
3157	3225
3158	3226
3159	3227
3160	3228
3161	3230
3162	3231
3163	3232
3164	3233
3165	3234
3166	3235
3167	3236
3168	3239
3169	3240
3170	3241
3171	3242
3172	3243
3173	3244
3174	3245
3175	3246
3176	3247
3177	3248
3178	3249
3179	3250
3180	3251
3181	3252
3182	3253
3183	3254
3184	3255
3185	3256
3186	3257
3187	3258
3188	3259
3189	3260
3190	3261
3191	3262
3192	3263
3193	3264
3194	3265
3195	3266
3196	3267
3197	3268
3198	3269
3199	3270
3200	3271
3201	3272
3202	3273
3203	3274
3204	3275
3205	3276
3206	3277
3207	3278
3208	3279
3209	3280
3210	3281
3211	3282
3212	3283
3213	3284
3214	3285
3215	3286
3216	3287
3217	3288
3218	3289
3219	3290
3220	3291
3221	3292
3222	3293
3223	3294
3224	3295
3225	3296
3226	3297
3227	3298
3228	3299
3229	3300
3230	3301
3231	3302
3232	3303
3233	3304
3234	3305
3235	3306
3236	3307
3237	3308
3238	3309
3239	3310
3240	3311
3241	3312
3242	3313
3243	3314
3244	3315
3245	3316
3246	3317
3247	3318
3248	3319
3249	3320
3250	3321
3251	3322
3252	3323
3253	3324
3254	3325
3255	3326
3256	3327
3257	3328
3258	3329
3259	3330
3260	3331
3261	3332
3262	3333
3263	3334
3264	3337
3265	3338
3266	3339
3267	3340
3268	3341
3269	3342
3270	3343
3271	3344
3272	3345
3273	3346
3274	3347
3275	3348
3276	3349
3277	3350
3278	3351
3279	3352
3280	3353
3281	3354
3282	3355
3283	3356
3284	3357
3285	3358
3286	3359
3287	3360
3288	3361
3289	3362
3290	3363
3291	3364
3292	3365
3293	3366
3294	3367
3295	3368
3296	3369
3297	3370
3298	3371
3299	3372
3300	3373
3301	3374
3302	3375
3303	3376
3304	3377
3305	3378
3306	3379
3307	3380
3308	3381
3309	3382
3310	3383
3311	3384
3312	3385
3313	3386
3314	3387
3315	3388
3316	3389
3317	3390
3318	3391
3319	3392
3320	3393
3321	3394
3322	3395
3323	3396
3324	3397
3325	3398
3326	3399
3327	3400
3328	3401
3329	3402
3330	3403
3331	3404
3332	3405
3333	3406
3334	3407
3335	3408
3336	3409
3337	3410
3338	3411
3339	3412
3340	3413
3341	3414
3342	3415
3343	3416
3344	3417
3345	3418
3346	3419
3347	3420
3348	3421
3349	3422
3350	3423
3351	3424
3352	3425
3353	3426
3354	3427
3355	3430
3356	3431
3357	3432
3358	3433
3359	3434
3360	3435
3361	3436
3362	3437
3363	3438
3364	3439
3365	3440
3366	3441
3367	3442
3368	3443
3369	3444
3370	3445
3371	3446
3372	3447
3373	3448
3374	3449
3375	3452
3376	3455
3377	3456
3378	3457
3379	3458
3380	3459
3381	3460
3382	3461
3383	3462
3384	3463
3385	3464
3386	3465
3387	3466
3388	3467
3389	3468
3390	3469
3391	3470
3392	3471
3393	3472
3394	3473
3395	3474
3396	3475
3397	3476
3398	3477
3399	3478
3400	3479
3401	3480
3402	3481
3403	3482
3404	3483
3405	3484
3406	3485
3407	3486
3408	3487
3409	3488
3410	3489
3411	3490
3412	3491
3413	3492
3414	3493
3415	3494
3416	3495
3417	3496
3418	3497
3419	3498
3420	3499
3421	3500
3422	3501
3423	3502
3424	3503
3425	3504
3426	3505
3427	3506
3428	3507
3429	3508
3430	3509
3431	3510
3432	3511
3433	3512
3434	3513
3435	3514
3436	3515
3437	3516
3438	3517
3439	3518
3440	3519
3441	3520
3442	3521
3443	3522
3444	3523
3445	3524
3446	3525
3447	3526
3448	3527
3449	3528
3450	3529
3451	3530
3452	3531
3453	3532
3454	3533
3455	3534
3456	3535
3457	3536
3458	3537
3459	3538
3460	3539
3461	3540
3462	3541
3463	3542
3464	3543
3465	3544
3466	3545
3467	3546
3468	3547
3469	3548
3470	3549
3471	3550
3472	3551
3473	3552
3474	3553
3475	3554
3476	3555
3477	3556
3478	3557
3479	3558
3480	3559
3481	3560
3482	3561
3483	3562
3484	3563
3485	3564
3486	3565
3487	3566
3488	3567
3489	3568
3490	3569
3491	3570
3492	3571
3493	3572
3494	3573
3495	3576
3496	3577
3497	3578
3498	3579
3499	3580
3500	3581
3501	3582
3502	3583
3503	3584
3504	3585
3505	3586
3506	3587
3507	3589
3508	3590
3509	3591
3510	3592
3511	3593
3512	3594
3513	3595
3514	3596
3515	3597
3516	3598
3517	3599
3518	3600
3519	3601
3520	3602
3521	3603
3522	3604
3523	3605
3524	3606
3525	3607
3526	3608
3527	3609
3528	3610
3529	3612
3530	3613
3531	3614
3532	3615
3533	3616
3534	3617
3535	3618
3536	3619
3537	3620
3538	3621
3539	3622
3540	3623
3541	3624
3542	3625
3543	3626
3544	3627
3545	3628
3546	3629
3547	3630
3548	3631
3549	3632
3550	3633
3551	3634
3552	3635
3553	3636
3554	3637
3555	3638
3556	3639
3557	3640
3558	3641
3559	3642
3560	3643
3561	3644
3562	3645
3563	3646
3564	3647
3565	3648
3566	3649
3567	3650
3568	3651
3569	3652
3570	3653
3571	3654
3572	3655
3573	3656
3574	3657
3575	3658
3576	3659
3577	3660
3578	3661
3579	3662
3580	3663
3581	3664
3582	3665
3583	3666
3584	3667
3585	3668
3586	3669
3587	3670
3588	3671
3589	3672
3590	3673
3591	3674
3592	3675
3593	3676
3594	3677
3595	3678
3596	3681
3597	3682
3598	3683
3599	3684
3600	3685
3601	3686
3602	3687
3603	3688
3604	3689
3605	3690
3606	3691
3607	3692
3608	3693
3609	3694
3610	3695
3611	3696
3612	3697
3613	3698
3614	3699
3615	3700
3616	3701
3617	3702
3618	3703
3619	3704
3620	3705
3621	3706
3622	3707
3623	3708
3624	3709
3625	3710
3626	3711
3627	3712
3628	3713
3629	3714
3630	3715
3631	3716
3632	3717
3633	3718
3634	3719
3635	3720
3636	3721
3637	3722
3638	3723
3639	3724
3640	3725
3641	3726
3642	3727
3643	3728
3644	3729
3645	3730
3646	3731
3647	3732
3648	3733
3649	3734
3650	3737
3651	3738
3652	3739
3653	3740
3654	3741
3655	3742
3656	3743
3657	3744
3658	3745
3659	3746
3660	3747
3661	3748
3662	3749
3663	3750
3664	3751
3665	3752
3666	3754
3667	3755
3668	3756
3669	3757
3670	3758
3671	3759
3672	3760
3673	3763
3674	3764
3675	3765
3676	3766
3677	3767
3678	3768
3679	3769
3680	3770
3681	3773
3682	3774
3683	3777
3684	3778
3685	3779
3686	3780
3687	3781
3688	3782
3689	3783
3690	3784
3691	3785
3692	3786
3693	3787
3694	3788
3695	3789
3696	3790
3697	3791
3698	3792
3699	3793
3700	3794
3701	3795
3702	3796
3703	3797
3704	3798
3705	3799
3706	3801
3707	3802
3708	3803
3709	3804
3710	3805
3711	3806
3712	3807
3713	3808
3714	3809
3715	3810
3716	3813
3717	3814
3718	3815
3719	3816
3720	3817
3721	3818
3722	3819
3723	3820
3724	3821
3725	3822
3726	3823
3727	3824
3728	3825
3729	3826
3730	3827
3731	3828
3732	3829
3733	3832
3734	3833
3735	3834
3736	3835
3737	3836
3738	3837
3739	3838
3740	3839
3741	3840
3742	3841
3743	3842
3744	3843
3745	3844
3746	3845
3747	3846
3748	3847
3749	3848
3750	3849
3751	3850
3752	3851
3753	3852
3754	3853
3755	3854
3756	3855
3757	3856
3758	3857
3759	3858
3760	3859
3761	3860
3762	3861
3763	3862
3764	3863
3765	3864
3766	3865
3767	3866
3768	3867
3769	3868
3770	3869
3771	3870
3772	3871
3773	3872
3774	3873
3775	3874
3776	3875
3777	3876
3778	3877
3779	3878
3780	3879
3781	3880
3782	3881
3783	3882
3784	3883
3785	3884
3786	3885
3787	3886
3788	3887
3789	3889
3790	3890
3791	3892
3792	3893
3793	3894
3794	3895
3795	3896
3796	3897
3797	3898
3798	3899
3799	3900
3800	3901
3801	3902
3802	3903
3803	3904
3804	3905
3805	3906
3806	3907
3807	3908
3808	3909
3809	3910
3810	3911
3811	3912
3812	3913
3813	3914
3814	3915
3815	3916
3816	3917
3817	3918
3818	3919
3819	3920
3820	3921
3821	3922
3822	3923
3823	3924
3824	3925
3825	3926
3826	3927
3827	3928
3828	3929
3829	3930
3830	3931
3831	3932
3832	3933
3833	3934
3834	3935
3835	3936
3836	3937
3837	3938
3838	3939
3839	3940
3840	3941
3841	3942
3842	3943
3843	3944
3844	3945
3845	3946
3846	3947
3847	3948
3848	3949
3849	3950
3850	3951
3851	3952
3852	3953
3853	3954
3854	3955
3855	3956
3856	3957
3857	3958
3858	3959
3859	3960
3860	3961
3861	3962
3862	3963
3863	3964
3864	3965
3865	3966
3866	3967
3867	3968
3868	3969
3869	3970
3870	3971
3871	3972
3872	3973
3873	3974
3874	3975
3875	3976
3876	3977
3877	3978
3878	3979
3879	3980
3880	3981
3881	3982
3882	3983
3883	3984
3884	3985
3885	3986
3886	3987
3887	3988
3888	3989
3889	3990
3890	3991
3891	3992
3892	3993
3893	3994
3894	3995
3895	3996
3896	3997
3897	3998
3898	3999
3899	4000
3900	4001
3901	4002
3902	4003
3903	4004
3904	4005
3905	4006
3906	4007
3907	4008
3908	4009
3909	4010
3910	4011
3911	4012
3912	4013
3913	4014
3914	4015
3915	4016
3916	4017
3917	4018
3918	4019
3919	4020
3920	4021
3921	4022
3922	4023
3923	4024
3924	4025
3925	4026
3926	4027
3927	4028
3928	4029
3929	4030
3930	4031
3931	4032
3932	4033
3933	4034
3934	4035
3935	4036
3936	4037
3937	4038
3938	4039
3939	4040
3940	4041
3941	4042
3942	4043
3943	4044
3944	4045
3945	4046
3946	4047
3947	4048
3948	4049
3949	4050
3950	4051
3951	4052
3952	4053
3953	4054
3954	4055
3955	4056
3956	4057
3957	4058
3958	4059
3959	4060
3960	4061
3961	4062
3962	4063
3963	4066
3964	4067
3965	4068
3966	4069
3967	4070
3968	4071
3969	4072
3970	4073
3971	4074
3972	4075
3973	4076
3974	4077
3975	4078
3976	4079
3977	4080
3978	4083
3979	4084
3980	4085
3981	4086
3982	4087
3983	4088
3984	4089
3985	4090
3986	4091
3987	4092
3988	4093
3989	4094
3990	4095
3991	4096
3992	4097
3993	4098
3994	4099
3995	4100
3996	4101
3997	4102
3998	4103
3999	4104
4000	4105
4001	4106
4002	4107
4003	4108
4004	4109
4005	4110
4006	4111
4007	4112
4008	4113
4009	4114
4010	4117
4011	4118
4012	4119
4013	4120
4014	4121
4015	4122
4016	4123
4017	4124
4018	4127
4019	4128
4020	4129
4021	4130
4022	4131
4023	4132
4024	4133
4025	4134
4026	4135
4027	4136
4028	4137
4029	4138
4030	4141
4031	4142
4032	4143
4033	4144
4034	4145
4035	4146
4036	4147
4037	4148
4038	4149
4039	4150
4040	4151
4041	4152
4042	4153
4043	4154
4044	4155
4045	4156
4046	4157
4047	4158
4048	4159
4049	4160
4050	4161
4051	4162
4052	4163
4053	4164
4054	4165
4055	4166
4056	4167
4057	4168
4058	4169
4059	4170
4060	4171
4061	4172
4062	4173
4063	4175
4064	4176
4065	4177
4066	4178
4067	4179
4068	4180
4069	4181
4070	4182
4071	4183
4072	4184
4073	4185
4074	4186
4075	4187
4076	4188
4077	4189
4078	4190
4079	4191
4080	4192
4081	4193
4082	4194
4083	4195
4084	4196
4085	4197
4086	4198
4087	4199
4088	4200
4089	4202
4090	4203
4091	4204
4092	4205
4093	4206
4094	4207
4095	4208
4096	4209
4097	4210
4098	4211
4099	4212
4100	4214
4101	4215
4102	4216
4103	4217
4104	4218
4105	4219
4106	4220
4107	4221
4108	4222
4109	4223
4110	4224
4111	4225
4112	4226
4113	4227
4114	4228
4115	4229
4116	4230
4117	4231
4118	4232
4119	4233
4120	4234
4121	4235
4122	4236
4123	4237
4124	4238
4125	4239
4126	4240
4127	4241
4128	4242
4129	4243
4130	4244
4131	4245
4132	4246
4133	4247
4134	4248
4135	4249
4136	4250
4137	4251
4138	4252
4139	4253
4140	4254
4141	4255
4142	4256
4143	4257
4144	4258
4145	4259
4146	4260
4147	4261
4148	4262
4149	4263
4150	4264
4151	4265
4152	4266
4153	4267
4154	4268
4155	4269
4156	4270
4157	4271
4158	4272
4159	4273
4160	4274
4161	4275
4162	4276
4163	4277
4164	4278
4165	4279
4166	4280
4167	4281
4168	4282
4169	4283
4170	4284
4171	4285
4172	4286
4173	4287
4174	4288
4175	4289
4176	4290
4177	4291
4178	4292
4179	4293
4180	4294
4181	4295
4182	4296
4183	4297
4184	4298
4185	4301
4186	4302
4187	4303
4188	4304
4189	4305
4190	4306
4191	4307
4192	4308
4193	4309
4194	4310
4195	4311
4196	4312
4197	4313
4198	4314
4199	4315
4200	4316
4201	4317
4202	4318
4203	4319
4204	4320
4205	4321
4206	4322
4207	4323
4208	4324
4209	4325
4210	4326
4211	4327
4212	4328
4213	4329
4214	4330
4215	4331
4216	4332
4217	4333
4218	4334
4219	4337
4220	4338
4221	4339
4222	4340
4223	4341
4224	4342
4225	4343
4226	4344
4227	4345
4228	4346
4229	4347
4230	4348
4231	4349
4232	4350
4233	4351
4234	4352
4235	4353
4236	4354
4237	4355
4238	4356
4239	4357
4240	4358
4241	4359
4242	4360
4243	4361
4244	4362
4245	4363
4246	4364
4247	4365
4248	4366
4249	4367
4250	4368
4251	4369
4252	4370
4253	4371
4254	4372
4255	4373
4256	4374
4257	4375
4258	4376
4259	4377
4260	4378
4261	4379
4262	4380
4263	4381
4264	4382
4265	4383
4266	4384
4267	4385
4268	4386
4269	4387
4270	4388
4271	4389
4272	4390
4273	4391
4274	4392
4275	4393
4276	4394
4277	4395
4278	4396
4279	4397
4280	4398
4281	4399
4282	4400
4283	4401
4284	4402
4285	4403
4286	4404
4287	4405
4288	4406
4289	4407
4290	4408
4291	4409
4292	4410
4293	4411
4294	4412
4295	4413
4296	4414
4297	4415
4298	4416
4299	4417
4300	4418
4301	4419
4302	4420
4303	4421
4304	4422
4305	4423
4306	4424
4307	4425
4308	4426
4309	4427
4310	4428
4311	4429
4312	4430
4313	4431
4314	4432
4315	4433
4316	4434
4317	4435
4318	4436
4319	4437
4320	4438
4321	4439
4322	4440
4323	4441
4324	4442
4325	4443
4326	4444
4327	4445
4328	4446
4329	4447
4330	4448
4331	4449
4332	4450
4333	4451
4334	4452
4335	4453
4336	4454
4337	4455
4338	4456
4339	4457
4340	4458
4341	4459
4342	4460
4343	4461
4344	4462
4345	4463
4346	4464
4347	4465
4348	4466
4349	4467
4350	4468
4351	4469
4352	4470
4353	4471
4354	4472
4355	4473
4356	4474
4357	4475
4358	4476
4359	4477
4360	4478
4361	4479
4362	4480
4363	4481
4364	4482
4365	4483
4366	4484
4367	4485
4368	4486
4369	4487
4370	4488
4371	4489
4372	4490
4373	4491
4374	4492
4375	4493
4376	4494
4377	4495
4378	4496
4379	4497
4380	4498
4381	4499
4382	4500
4383	4501
4384	4502
4385	4503
4386	4504
4387	4505
4388	4506
4389	4507
4390	4508
4391	4509
4392	4510
4393	4511
4394	4512
4395	4513
4396	4514
4397	4515
4398	4516
4399	4517
4400	4518
4401	4519
4402	4520
4403	4521
4404	4522
4405	4523
4406	4524
4407	4525
4408	4526
4409	4527
4410	4528
4411	4529
4412	4530
4413	4531
4414	4532
4415	4533
4416	4534
4417	4535
4418	4536
4419	4537
4420	4538
4421	4539
4422	4540
4423	4541
4424	4542
4425	4543
4426	4544
4427	4545
4428	4546
4429	4547
4430	4548
4431	4549
4432	4550
4433	4551
4434	4552
4435	4553
4436	4554
4437	4555
4438	4556
4439	4557
4440	4558
4441	4559
4442	4560
4443	4561
4444	4562
4445	4563
4446	4564
4447	4565
4448	4566
4449	4567
4450	4568
4451	4569
4452	4570
4453	4571
4454	4572
4455	4573
4456	4574
4457	4575
4458	4576
4459	4577
4460	4578
4461	4579
4462	4580
4463	4581
4464	4582
4465	4583
4466	4584
4467	4585
4468	4586
4469	4587
4470	4588
4471	4589
4472	4590
4473	4591
4474	4592
4475	4593
4476	4594
4477	4595
4478	4596
4479	4597
4480	4598
4481	4599
4482	4600
4483	4601
4484	4602
4485	4603
4486	4604
4487	4605
4488	4606
4489	4607
4490	4608
4491	4609
4492	4610
4493	4611
4494	4612
4495	4613
4496	4614
4497	4615
4498	4616
4499	4617
4500	4618
4501	4619
4502	4620
4503	4621
4504	4622
4505	4623
4506	4624
4507	4625
4508	4626
4509	4627
4510	4628
4511	4629
4512	4630
4513	4631
4514	4632
4515	4633
4516	4634
4517	4635
4518	4636
4519	4637
4520	4638
4521	4639
4522	4640
4523	4641
4524	4642
4525	4643
4526	4644
4527	4645
4528	4646
4529	4647
4530	4648
4531	4649
4532	4650
4533	4651
4534	4652
4535	4653
4536	4654
4537	4655
4538	4656
4539	4657
4540	4658
4541	4659
4542	4660
4543	4661
4544	4662
4545	4663
4546	4664
4547	4665
4548	4666
4549	4667
4550	4668
4551	4669
4552	4670
4553	4671
4554	4672
4555	4673
4556	4674
4557	4675
4558	4676
4559	4677
4560	4678
4561	4679
4562	4680
4563	4681
4564	4682
4565	4683
4566	4684
4567	4685
4568	4686
4569	4687
4570	4688
4571	4689
4572	4690
4573	4691
4574	4692
4575	4693
4576	4694
4577	4695
4578	4696
4579	4697
4580	4698
4581	4699
4582	4700
4583	4701
4584	4702
4585	4703
4586	4704
4587	4705
4588	4706
4589	4707
4590	4708
4591	4709
4592	4710
4593	4711
4594	4712
4595	4713
4596	4714
4597	4715
4598	4716
4599	4717
4600	4718
4601	4719
4602	4720
4603	4721
4604	4722
4605	4723
4606	4724
4607	4725
4608	4726
4609	4727
4610	4728
4611	4729
4612	4730
4613	4731
4614	4732
4615	4733
4616	4734
4617	4735
4618	4736
4619	4737
4620	4738
4621	4739
4622	4740
4623	4741
4624	4742
4625	4743
4626	4744
4627	4745
4628	4746
4629	4747
4630	4748
4631	4749
4632	4750
4633	4751
4634	4752
4635	4753
4636	4754
4637	4755
4638	4756
4639	4757
4640	4758
4641	4759
4642	4760
4643	4761
4644	4762
4645	4763
4646	4764
4647	4765
4648	4766
4649	4767
4650	4768
4651	4769
4652	4770
4653	4771
4654	4772
4655	4773
4656	4774
4657	4775
4658	4776
4659	4777
4660	4778
4661	4779
4662	4780
4663	4781
4664	4782
4665	4783
4666	4784
4667	4785
4668	4786
4669	4787
4670	4788
4671	4789
4672	4790
4673	4791
4674	4792
4675	4793
4676	4794
4677	4795
4678	4796
4679	4797
4680	4798
4681	4799
4682	4800
4683	4801
4684	4802
4685	4803
4686	4804
4687	4805
4688	4806
4689	4807
4690	4808
4691	4809
4692	4810
4693	4811
4694	4812
4695	4813
4696	4814
4697	4815
4698	4816
4699	4817
4700	4818
4701	4819
4702	4820
4703	4821
4704	4822
4705	4823
4706	4824
4707	4825
4708	4826
4709	4827
4710	4828
4711	4829
4712	4830
4713	4831
4714	4832
4715	4833
4716	4834
4717	4835
4718	4836
4719	4837
4720	4838
4721	4839
4722	4840
4723	4841
4724	4842
4725	4843
4726	4844
4727	4845
4728	4846
4729	4847
4730	4848
4731	4849
4732	4850
4733	4851
4734	4852
4735	4853
4736	4854
4737	4855
4738	4856
4739	4857
4740	4858
4741	4859
4742	4860
4743	4861
4744	4862
4745	4863
4746	4864
4747	4865
4748	4866
4749	4867
4750	4868
4751	4869
4752	4870
4753	4873
4754	4874
4755	4875
4756	4876
4757	4877
4758	4878
4759	4879
4760	4880
4761	4881
4762	4882
4763	4883
4764	4884
4765	4885
4766	4886
4767	4887
4768	4888
4769	4889
4770	4890
4771	4891
4772	4892
4773	4893
4774	4894
4775	4895
4776	4896
4777	4897
4778	4898
4779	4899
4780	4900
4781	4901
4782	4902
4783	4903
4784	4904
4785	4905
4786	4906
4787	4907
4788	4908
4789	4909
4790	4910
4791	4911
4792	4912
4793	4913
4794	4914
4795	4915
4796	4916
4797	4917
4798	4918
4799	4919
4800	4920
4801	4921
4802	4922
4803	4923
4804	4924
4805	4925
4806	4926
4807	4927
4808	4928
4809	4929
4810	4930
4811	4931
4812	4932
4813	4933
4814	4934
4815	4935
4816	4936
4817	4937
4818	4938
4819	4939
4820	4940
4821	4941
4822	4942
4823	4943
4824	4944
4825	4945
4826	4946
4827	4947
4828	4948
4829	4949
4830	4950
4831	4951
4832	4952
4833	4953
4834	4954
4835	4955
4836	4956
4837	4957
4838	4958
4839	4959
4840	4960
4841	4961
4842	4962
4843	4963
4844	4964
4845	4965
4846	4966
4847	4967
4848	4968
4849	4969
4850	4970
4851	4971
4852	4972
4853	4973
4854	4974
4855	4975
4856	4976
4857	4977
4858	4978
4859	4979
4860	4980
4861	4981
4862	4982
4863	4983
4864	4984
4865	4985
4866	4986
4867	4987
4868	4988
4869	4989
4870	4990
4871	4991
4872	4992
4873	4993
4874	4994
4875	4995
4876	4996
4877	4997
4878	4998
4879	4999
4880	5000
4881	5001
4882	5002
4883	5003
4884	5004
4885	5005
4886	5006
4887	5007
4888	5008
4889	5009
4890	5010
4891	5011
4892	5012
4893	5013
4894	5014
4895	5015
4896	5016
4897	5017
4898	5018
4899	5019
4900	5020
4901	5021
4902	5022
4903	5023
4904	5024
4905	5025
4906	5026
4907	5027
4908	5028
4909	5029
4910	5030
4911	5031
4912	5032
4913	5033
4914	5034
4915	5035
4916	5036
4917	5037
4918	5038
4919	5039
4920	5040
4921	5041
4922	5042
4923	5043
4924	5044
4925	5045
4926	5046
4927	5047
4928	5048
4929	5049
4930	5050
4931	5051
4932	5052
4933	5053
4934	5054
4935	5055
4936	5056
4937	5057
4938	5058
4939	5059
4940	5060
4941	5061
4942	5062
4943	5063
4944	5064
4945	5065
4946	5066
4947	5067
4948	5068
4949	5069
4950	5070
4951	5071
4952	5072
4953	5073
4954	5074
4955	5075
4956	5076
4957	5077
4958	5078
4959	5079
4960	5080
4961	5081
4962	5082
4963	5083
4964	5084
4965	5085
4966	5086
4967	5087
4968	5088
4969	5089
4970	5090
4971	5091
4972	5092
4973	5093
4974	5094
4975	5095
4976	5096
4977	5097
4978	5098
4979	5099
4980	5100
4981	5101
4982	5102
4983	5103
4984	5104
4985	5105
4986	5106
4987	5107
4988	5108
4989	5109
4990	5110
4991	5111
4992	5112
4993	5113
4994	5114
4995	5115
4996	5116
4997	5117
4998	5118
4999	5119
5000	5120
5001	5121
5002	5122
5003	5123
5004	5124
5005	5125
5006	5126
5007	5127
5008	5128
5009	5129
5010	5130
5011	5131
5012	5132
5013	5133
5014	5134
5015	5135
5016	5136
5017	5137
5018	5138
5019	5139
5020	5140
5021	5141
5022	5142
5023	5143
5024	5144
5025	5145
5026	5146
5027	5147
5028	5148
5029	5149
5030	5150
5031	5151
5032	5152
5033	5153
5034	5154
5035	5155
5036	5156
5037	5157
5038	5158
5039	5159
5040	5160
5041	5161
5042	5162
5043	5163
5044	5164
5045	5165
5046	5166
5047	5167
5048	5168
5049	5169
5050	5170
5051	5171
5052	5172
5053	5173
5054	5174
5055	5175
5056	5176
5057	5177
5058	5178
5059	5179
5060	5180
5061	5181
5062	5182
5063	5183
5064	5184
5065	5185
5066	5186
5067	5187
5068	5188
5069	5189
5070	5190
5071	5191
5072	5192
5073	5193
5074	5194
5075	5195
5076	5196
5077	5197
5078	5198
5079	5199
5080	5200
5081	5201
5082	5202
5083	5203
5084	5204
5085	5205
5086	5206
5087	5207
5088	5208
5089	5209
5090	5210
5091	5211
5092	5212
5093	5213
5094	5214
5095	5215
5096	5216
5097	5217
5098	5218
5099	5219
5100	5220
5101	5221
5102	5222
5103	5223
5104	5224
5105	5225
5106	5226
5107	5227
5108	5228
5109	5229
5110	5230
5111	5231
5112	5232
5113	5233
5114	5234
5115	5235
5116	5236
5117	5237
5118	5238
5119	5239
5120	5240
5121	5241
5122	5242
5123	5243
5124	5244
5125	5245
5126	5246
5127	5247
5128	5248
5129	5249
5130	5250
5131	5251
5132	5252
5133	5253
5134	5254
5135	5255
5136	5256
5137	5257
5138	5258
5139	5259
5140	5260
5141	5261
5142	5262
5143	5263
5144	5264
5145	5265
5146	5266
5147	5267
5148	5268
5149	5269
5150	5270
5151	5271
5152	5272
5153	5273
5154	5274
5155	5275
5156	5276
5157	5277
5158	5278
5159	5279
5160	5280
5161	5281
5162	5282
5163	5283
5164	5284
5165	5285
5166	5286
5167	5287
5168	5288
5169	5289
5170	5290
5171	5291
5172	5292
5173	5293
5174	5294
5175	5295
5176	5296
5177	5297
5178	5298
5179	5299
5180	5300
5181	5301
5182	5302
5183	5303
5184	5304
5185	5305
5186	5306
5187	5307
5188	5308
5189	5309
5190	5310
5191	5311
5192	5312
5193	5313
5194	5314
5195	5315
5196	5316
5197	5317
5198	5318
5199	5319
5200	5320
5201	5321
5202	5322
5203	5323
5204	5324
5205	5325
5206	5326
5207	5327
5208	5328
5209	5329
5210	5330
5211	5331
5212	5332
5213	5333
5214	5334
5215	5335
5216	5336
5217	5337
5218	5338
5219	5339
5220	5340
5221	5341
5222	5342
5223	5343
5224	5344
5225	5345
5226	5346
5227	5347
5228	5348
5229	5349
5230	5350
5231	5351
5232	5352
5233	5353
5234	5354
5235	5355
5236	5356
5237	5357
5238	5358
5239	5359
5240	5360
5241	5361
5242	5362
5243	5363
5244	5364
5245	5365
5246	5366
5247	5367
5248	5368
5249	5369
5250	5370
5251	5371
5252	5372
5253	5373
5254	5374
5255	5375
5256	5376
5257	5377
5258	5378
5259	5379
5260	5380
5261	5381
5262	5382
5263	5383
5264	5384
5265	5385
5266	5386
5267	5387
5268	5388
5269	5389
5270	5390
5271	5391
5272	5392
5273	5393
5274	5394
5275	5395
5276	5396
5277	5397
5278	5398
5279	5399
5280	5400
5281	5401
5282	5402
5283	5403
5284	5404
5285	5405
5286	5406
5287	5407
5288	5408
5289	5409
5290	5410
5291	5411
5292	5412
5293	5413
5294	5414
5295	5415
5296	5416
5297	5417
5298	5418
5299	5419
5300	5420
5301	5421
5302	5422
5303	5423
5304	5424
5305	5425
5306	5426
5307	5427
5308	5428
5309	5429
5310	5430
5311	5431
5312	5432
5313	5433
5314	5434
5315	5435
5316	5436
5317	5437
5318	5438
5319	5439
5320	5440
5321	5441
5322	5442
5323	5443
5324	5444
5325	5445
5326	5446
5327	5447
5328	5448
5329	5449
5330	5450
5331	5451
5332	5452
5333	5453
5334	5454
5335	5455
5336	5456
5337	5457
5338	5458
5339	5459
5340	5460
5341	5461
5342	5462
5343	5463
5344	5464
5345	5465
5346	5466
5347	5467
5348	5468
5349	5469
5350	5470
5351	5471
5352	5472
5353	5473
5354	5474
5355	5475
5356	5476
5357	5477
5358	5478
5359	5479
5360	5480
5361	5481
5362	5482
5363	5483
5364	5484
5365	5485
5366	5486
5367	5487
5368	5488
5369	5489
5370	5490
5371	5491
5372	5492
5373	5493
5374	5494
5375	5495
5376	5496
5377	5497
5378	5498
5379	5499
5380	5500
5381	5501
5382	5502
5383	5503
5384	5504
5385	5505
5386	5506
5387	5507
5388	5508
5389	5509
5390	5510
5391	5511
5392	5512
5393	5513
5394	5514
5395	5515
5396	5516
5397	5517
5398	5518
5399	5519
5400	5520
5401	5521
5402	5522
5403	5523
5404	5524
5405	5525
5406	5526
5407	5527
5408	5528
5409	5529
5410	5530
5411	5531
5412	5532
5413	5533
5414	5534
5415	5535
5416	5536
5417	5537
5418	5538
5419	5539
5420	5540
5421	5541
5422	5542
5423	5543
5424	5544
5425	5545
5426	5546
5427	5547
5428	5548
5429	5549
5430	5550
5431	5551
5432	5552
5433	5553
5434	5554
5435	5555
5436	5556
5437	5557
5438	5558
5439	5559
5440	5560
5441	5561
5442	5562
5443	5563
5444	5564
5445	5565
5446	5566
5447	5567
5448	5568
5449	5569
5450	5570
5451	5571
5452	5572
5453	5573
5454	5574
5455	5575
5456	5576
5457	5577
5458	5578
5459	5579
5460	5580
5461	5581
5462	5582
5463	5583
5464	5584
5465	5585
5466	5586
5467	5587
5468	5588
5469	5589
5470	5590
5471	5591
5472	5592
5473	5593
5474	5594
5475	5595
5476	5596
5477	5597
5478	5598
5479	5599
5480	5600
5481	5601
5482	5602
5483	5603
5484	5604
5485	5605
5486	5606
5487	5607
5488	5608
5489	5609
5490	5610
5491	5611
5492	5612
5493	5613
5494	5614
5495	5615
5496	5616
5497	5617
5498	5618
5499	5619
5500	5620
5501	5621
5502	5622
5503	5623
5504	5624
5505	5625
5506	5626
5507	5627
5508	5628
5509	5629
5510	5630
5511	5631
5512	5632
5513	5633
5514	5634
5515	5635
5516	5636
5517	5637
5518	5638
5519	5639
5520	5640
5521	5641
5522	5642
5523	5643
5524	5644
5525	5645
5526	5646
5527	5647
5528	5648
5529	5649
5530	5650
5531	5651
5532	5652
5533	5653
5534	5654
5535	5655
5536	5656
5537	5657
5538	5658
5539	5659
5540	5660
5541	5661
5542	5662
5543	5663
5544	5664
5545	5665
5546	5666
5547	5667
5548	5668
5549	5669
5550	5670
5551	5671
5552	5672
5553	5673
5554	5674
5555	5675
5556	5676
5557	5677
5558	5678
5559	5679
5560	5680
5561	5681
5562	5682
5563	5683
5564	5684
5565	5685
5566	5686
5567	5687
5568	5688
5569	5689
5570	5690
5571	5691
5572	5692
5573	5693
5574	5694
5575	5695
5576	5696
5577	5697
5578	5698
5579	5699
5580	5700
5581	5701
5582	5702
5583	5703
5584	5704
5585	5705
5586	5706
5587	5707
5588	5708
5589	5709
5590	5710
5591	5711
5592	5712
5593	5713
5594	5714
5595	5715
5596	5716
5597	5717
5598	5718
5599	5719
5600	5720
5601	5721
5602	5722
5603	5723
5604	5724
5605	5725
5606	5726
5607	5727
5608	5728
5609	5729
5610	5730
5611	5731
5612	5732
5613	5733
5614	5734
5615	5735
5616	5736
5617	5737
5618	5738
5619	5739
5620	5740
5621	5741
5622	5742
5623	5743
5624	5744
5625	5745
5626	5746
5627	5747
5628	5748
5629	5749
5630	5750
5631	5751
5632	5752
5633	5753
5634	5754
5635	5755
5636	5756
5637	5757
5638	5758
5639	5759
5640	5760
5641	5761
5642	5762
5643	5763
5644	5764
5645	5765
5646	5766
5647	5767
5648	5768
5649	5769
5650	5770
5651	5771
5652	5772
5653	5773
5654	5774
5655	5775
5656	5776
5657	5777
5658	5778
5659	5779
5660	5780
5661	5781
5662	5782
5663	5783
5664	5784
5665	5785
5666	5786
5667	5787
5668	5788
5669	5789
5670	5790
5671	5791
5672	5792
5673	5793
5674	5794
5675	5795
5676	5796
5677	5797
5678	5798
5679	5799
5680	5800
5681	5801
5682	5802
5683	5803
5684	5804
5685	5805
5686	5806
5687	5807
5688	5808
5689	5809
5690	5810
5691	5811
5692	5812
5693	5813
5694	5814
5695	5815
5696	5816
5697	5817
5698	5818
5699	5819
5700	5820
5701	5821
5702	5822
5703	5823
5704	5824
5705	5825
5706	5826
5707	5827
5708	5828
5709	5829
5710	5830
5711	5831
5712	5832
5713	5833
5714	5834
5715	5835
5716	5836
5717	5837
5718	5838
5719	5839
5720	5840
5721	5841
5722	5842
5723	5843
5724	5844
5725	5845
5726	5846
5727	5847
5728	5848
5729	5849
5730	5850
5731	5851
5732	5852
5733	5853
5734	5854
5735	5855
5736	5856
5737	5857
5738	5858
5739	5859
5740	5860
5741	5861
5742	5862
5743	5863
5744	5864
5745	5865
5746	5866
5747	5867
5748	5868
5749	5869
5750	5870
5751	5871
5752	5872
5753	5873
5754	5874
5755	5875
5756	5876
5757	5877
5758	5878
5759	5879
5760	5880
5761	5881
5762	5882
5763	5883
5764	5884
5765	5885
5766	5886
5767	5887
5768	5888
5769	5889
5770	5890
5771	5891
5772	5892
5773	5893
5774	5894
5775	5895
5776	5896
5777	5897
5778	5898
5779	5899
5780	5900
5781	5901
5782	5902
5783	5903
5784	5904
5785	5905
5786	5906
5787	5907
5788	5908
5789	5909
5790	5910
5791	5911
5792	5912
5793	5913
5794	5914
5795	5915
5796	5916
5797	5917
5798	5918
5799	5919
5800	5920
5801	5921
5802	5922
5803	5923
5804	5924
5805	5925
5806	5926
5807	5927
5808	5928
5809	5929
5810	5930
5811	5931
5812	5932
5813	5933
5814	5934
5815	5935
5816	5936
5817	5937
5818	5938
5819	5939
5820	5940
5821	5941
5822	5942
5823	5943
5824	5944
5825	5945
5826	5946
5827	5947
5828	5948
5829	5949
5830	5950
5831	5951
5832	5952
5833	5953
5834	5954
5835	5955
5836	5956
5837	5957
5838	5958
5839	5959
5840	5960
5841	5961
5842	5962
5843	5963
5844	5964
5845	5965
5846	5966
5847	5967
5848	5968
5849	5969
5850	5970
5851	5971
5852	5972
5853	5973
5854	5974
5855	5975
5856	5976
5857	5977
5858	5978
5859	5979
5860	5980
5861	5981
5862	5982
5863	5983
5864	5984
5865	5985
5866	5986
5867	5987
5868	5988
5869	5989
5870	5990
5871	5991
5872	5992
5873	5993
5874	5994
5875	5995
5876	5996
5877	5997
5878	5998
5879	5999
5880	6000
5881	6001
5882	6002
5883	6003
5884	6004
5885	6005
5886	6006
5887	6007
5888	6008
5889	6009
5890	6010
5891	6011
5892	6012
5893	6013
5894	6014
5895	6015
5896	6016
5897	6017
5898	6018
5899	6019
5900	6020
5901	6021
5902	6022
5903	6023
5904	6024
5905	6025
5906	6026
5907	6027
5908	6028
5909	6029
5910	6030
5911	6031
5912	6032
5913	6033
5914	6034
5915	6035
5916	6036
5917	6037
5918	6038
5919	6039
5920	6040
5921	6041
5922	6042
5923	6043
5924	6044
5925	6045
5926	6046
5927	6047
5928	6048
5929	6049
5930	6050
5931	6051
5932	6052
5933	6053
5934	6054
5935	6055
5936	6056
5937	6057
5938	6058
5939	6059
5940	6060
5941	6061
5942	6062
5943	6063
5944	6064
5945	6065
5946	6066
5947	6067
5948	6068
5949	6069
5950	6070
5951	6071
5952	6072
5953	6073
5954	6074
5955	6075
5956	6076
5957	6077
5958	6078
5959	6079
5960	6080
5961	6081
5962	6082
5963	6083
5964	6084
5965	6085
5966	6086
5967	6087
5968	6088
5969	6089
5970	6090
5971	6091
5972	6092
5973	6093
5974	6094
5975	6095
5976	6096
5977	6097
5978	6098
5979	6099
5980	6102
5981	6103
5982	6104
5983	6105
5984	6106
5985	6107
5986	6108
5987	6109
5988	6110
5989	6111
5990	6112
5991	6113
5992	6114
5993	6115
5994	6116
5995	6117
5996	6118
5997	6119
5998	6120
5999	6121
6000	6122
6001	6123
6002	6124
6003	6125
6004	6126
6005	6127
6006	6128
6007	6129
6008	6130
6009	6131
6010	6132
6011	6133
6012	6134
6013	6135
6014	6136
6015	6137
6016	6138
6017	6139
6018	6140
6019	6141
6020	6142
6021	6143
6022	6144
6023	6145
6024	6146
6025	6147
6026	6148
6027	6149
6028	6150
6029	6151
6030	6152
6031	6153
6032	6154
6033	6155
6034	6156
6035	6157
6036	6158
6037	6159
6038	6160
6039	6161
6040	6162
6041	6163
6042	6164
6043	6165
6044	6166
6045	6167
6046	6168
6047	6169
6048	6170
6049	6171
6050	6172
6051	6173
6052	6174
6053	6175
6054	6176
6055	6177
6056	6178
6057	6179
6058	6180
6059	6181
6060	6182
6061	6183
6062	6184
6063	6186
6064	6187
6065	6188
6066	6189
6067	6190
6068	6191
6069	6192
6070	6193
6071	6194
6072	6195
6073	6196
6074	6197
6075	6198
6076	6199
6077	6200
6078	6201
6079	6202
6080	6203
6081	6204
6082	6205
6083	6206
6084	6207
6085	6208
6086	6209
6087	6210
6088	6211
6089	6212
6090	6213
6091	6214
6092	6215
6093	6216
6094	6217
6095	6218
6096	6219
6097	6220
6098	6221
6099	6222
6100	6223
6101	6224
6102	6225
6103	6226
6104	6227
6105	6228
6106	6229
6107	6230
6108	6231
6109	6232
6110	6233
6111	6234
6112	6235
6113	6236
6114	6237
6115	6238
6116	6239
6117	6240
6118	6241
6119	6242
6120	6243
6121	6244
6122	6245
6123	6246
6124	6247
6125	6248
6126	6249
6127	6250
6128	6251
6129	6252
6130	6253
6131	6254
6132	6255
6133	6256
6134	6257
6135	6258
6136	6259
6137	6260
6138	6261
6139	6262
6140	6263
6141	6264
6142	6265
6143	6266
6144	6267
6145	6268
6146	6269
6147	6270
6148	6271
6149	6272
6150	6273
6151	6274
6152	6275
6153	6276
6154	6277
6155	6278
6156	6279
6157	6280
6158	6281
6159	6282
6160	6283
6161	6284
6162	6285
6163	6286
6164	6287
6165	6288
6166	6289
6167	6290
6168	6291
6169	6292
6170	6293
6171	6294
6172	6295
6173	6296
6174	6297
6175	6298
6176	6299
6177	6300
6178	6301
6179	6302
6180	6303
6181	6304
6182	6305
6183	6306
6184	6307
6185	6308
6186	6309
6187	6310
6188	6311
6189	6312
6190	6313
6191	6314
6192	6315
6193	6316
6194	6317
6195	6318
6196	6319
6197	6320
6198	6321
6199	6322
6200	6323
6201	6324
6202	6325
6203	6326
6204	6327
6205	6328
6206	6329
6207	6330
6208	6331
6209	6332
6210	6333
6211	6334
6212	6335
6213	6336
6214	6337
6215	6338
6216	6339
6217	6340
6218	6341
6219	6342
6220	6343
6221	6344
6222	6345
6223	6346
6224	6347
6225	6348
6226	6349
6227	6350
6228	6351
6229	6352
6230	6353
6231	6354
6232	6355
6233	6356
6234	6357
6235	6358
6236	6359
6237	6360
6238	6361
6239	6362
6240	6363
6241	6364
6242	6365
6243	6366
6244	6367
6245	6368
6246	6369
6247	6370
6248	6371
6249	6372
6250	6373
6251	6374
6252	6375
6253	6376
6254	6377
6255	6378
6256	6379
6257	6380
6258	6381
6259	6382
6260	6383
6261	6384
6262	6385
6263	6386
6264	6387
6265	6388
6266	6389
6267	6390
6268	6391
6269	6392
6270	6393
6271	6394
6272	6395
6273	6396
6274	6397
6275	6398
6276	6399
6277	6400
6278	6401
6279	6402
6280	6403
6281	6404
6282	6405
6283	6406
6284	6407
6285	6408
6286	6409
6287	6410
6288	6411
6289	6412
6290	6413
6291	6414
6292	6415
6293	6416
6294	6417
6295	6418
6296	6419
6297	6420
6298	6421
6299	6422
6300	6423
6301	6424
6302	6425
6303	6426
6304	6427
6305	6428
6306	6429
6307	6430
6308	6431
6309	6432
6310	6433
6311	6434
6312	6435
6313	6436
6314	6437
6315	6438
6316	6439
6317	6440
6318	6441
6319	6442
6320	6443
6321	6444
6322	6445
6323	6446
6324	6447
6325	6448
6326	6449
6327	6450
6328	6451
6329	6452
6330	6453
6331	6454
6332	6455
6333	6456
6334	6457
6335	6458
6336	6461
6337	6462
6338	6463
6339	6464
6340	6465
6341	6466
6342	6467
6343	6468
6344	6469
6345	6470
6346	6471
6347	6472
6348	6473
6349	6474
6350	6475
6351	6476
6352	6477
6353	6478
6354	6479
6355	6480
6356	6481
6357	6482
6358	6483
6359	6484
6360	6485
6361	6486
6362	6487
6363	6488
6364	6489
6365	6490
6366	6491
6367	6492
6368	6493
6369	6494
6370	6495
6371	6496
6372	6497
6373	6498
6374	6499
6375	6500
6376	6501
6377	6502
6378	6503
6379	6504
6380	6505
6381	6506
6382	6507
6383	6508
6384	6509
6385	6510
6386	6511
6387	6512
6388	6513
6389	6514
6390	6515
6391	6516
6392	6517
6393	6518
6394	6519
6395	6520
6396	6521
6397	6522
6398	6523
6399	6524
6400	6525
6401	6526
6402	6527
6403	6528
6404	6529
6405	6530
6406	6531
6407	6532
6408	6533
6409	6534
6410	6535
6411	6536
6412	6537
6413	6538
6414	6539
6415	6540
6416	6541
6417	6542
6418	6543
6419	6544
6420	6545
6421	6546
6422	6547
6423	6548
6424	6549
6425	6550
6426	6551
6427	6552
6428	6553
6429	6554
6430	6555
6431	6556
6432	6557
6433	6558
6434	6559
6435	6560
6436	6561
6437	6562
6438	6563
6439	6564
6440	6565
6441	6566
6442	6567
6443	6568
6444	6569
6445	6570
6446	6571
6447	6572
6448	6573
6449	6574
6450	6575
6451	6576
6452	6577
6453	6578
6454	6579
6455	6580
6456	6581
6457	6582
6458	6583
6459	6584
6460	6585
6461	6586
6462	6587
6463	6588
6464	6589
6465	6591
6466	6592
6467	6593
6468	6594
6469	6595
6470	6598
6471	6599
6472	6600
6473	6601
6474	6602
6475	6603
6476	6604
6477	6605
6478	6606
6479	6607
6480	6608
6481	6609
6482	6610
6483	6611
6484	6612
6485	6613
6486	6614
6487	6615
6488	6616
6489	6617
6490	6618
6491	6619
6492	6620
6493	6621
6494	6622
6495	6623
6496	6624
6497	6625
6498	6626
6499	6627
6500	6628
6501	6629
6502	6630
6503	6631
6504	6632
6505	6633
6506	6634
6507	6635
6508	6636
6509	6637
6510	6638
6511	6639
6512	6640
6513	6641
6514	6642
6515	6643
6516	6644
6517	6645
6518	6646
6519	6647
6520	6648
6521	6649
6522	6650
6523	6651
6524	6652
6525	6653
6526	6654
6527	6655
6528	6656
6529	6657
6530	6658
6531	6659
6532	6660
6533	6661
6534	6662
6535	6663
6536	6664
6537	6665
6538	6666
6539	6667
6540	6668
6541	6669
6542	6670
6543	6671
6544	6672
6545	6673
6546	6674
6547	6675
6548	6676
6549	6677
6550	6678
6551	6679
6552	6680
6553	6681
6554	6682
6555	6683
6556	6684
6557	6685
6558	6688
6559	6689
6560	6692
6561	6693
6562	6694
6563	6695
6564	6696
6565	6697
6566	6698
6567	6699
6568	6700
6569	6701
6570	6702
6571	6703
6572	6704
6573	6705
6574	6706
6575	6707
6576	6708
6577	6709
6578	6710
6579	6711
6580	6712
6581	6713
6582	6714
6583	6715
6584	6716
6585	6717
6586	6718
6587	6719
6588	6720
6589	6721
6590	6722
6591	6723
6592	6724
6593	6725
6594	6726
6595	6727
6596	6728
6597	6729
6598	6730
6599	6731
6600	6732
