0	1
0	2
0	3
0	4
0	5
6	7
6	8
6	9
6	10
11	12
11	13
11	14
11	15
11	16
11	17
18	19
18	20
18	21
22	23
22	24
22	25
22	26
22	27
22	28
22	29
22	30
31	32
31	33
31	34
31	35
31	36
31	37
31	38
31	39
31	40
41	42
41	43
41	44
41	45
41	46
41	47
41	48
49	50
49	51
49	52
49	53
54	55
56	57
58	59
58	60
61	62
61	63
61	64
61	65
61	66
61	67
61	68
69	70
69	71
69	72
69	73
69	74
69	75
69	76
69	77
69	78
69	79
69	80
69	81
69	82
69	83
69	84
69	85
69	86
87	88
87	89
87	90
87	91
87	92
87	93
87	94
95	96
97	98
97	99
97	100
101	102
101	103
101	104
101	105
101	106
101	107
101	108
101	109
101	110
101	111
101	112
101	113
101	114
101	115
101	116
101	117
101	118
101	119
101	120
101	121
101	122
101	123
101	124
101	125
126	127
128	129
128	130
128	131
128	132
128	133
128	134
128	135
128	136
128	137
128	138
128	139
128	140
128	141
128	142
128	143
144	145
144	146
147	148
149	150
19	20
19	21
151	152
151	153
151	154
155	156
155	157
155	158
155	159
155	134
155	160
155	161
162	163
162	164
162	165
162	166
162	167
168	131
169	170
169	171
169	115
169	172
169	173
169	174
169	175
169	176
169	124
177	173
178	179
178	180
178	181
178	182
178	183
178	184
178	185
179	180
179	186
179	187
179	188
179	181
179	182
179	184
179	189
179	190
191	192
191	193
191	194
191	195
191	196
191	197
191	104
191	198
191	199
191	200
191	201
191	202
191	203
191	204
191	110
191	205
191	206
191	207
191	208
191	209
191	210
191	211
191	212
191	213
191	214
191	215
191	216
191	217
191	218
191	219
191	220
191	221
191	222
191	223
191	224
191	176
191	225
191	226
191	227
191	228
191	229
191	230
191	231
191	232
233	234
235	236
235	237
238	239
238	240
88	90
88	91
88	92
88	93
88	94
241	242
241	243
244	245
244	246
244	247
244	248
244	249
244	250
244	251
244	252
244	253
244	73
244	254
244	255
244	256
244	257
244	76
244	258
244	259
244	78
244	260
244	261
244	262
244	263
244	264
244	265
244	266
244	267
268	269
268	102
268	193
268	270
268	271
268	272
268	273
268	105
268	274
268	275
268	276
268	200
268	277
268	278
268	279
268	280
268	111
268	281
268	282
268	283
268	284
268	285
268	286
268	287
268	288
268	170
268	289
268	290
268	291
268	292
268	293
268	115
268	294
268	117
268	295
268	296
268	297
268	298
268	299
268	300
268	301
268	174
268	302
268	303
268	175
268	304
268	305
268	121
268	306
268	307
268	308
268	122
268	176
268	309
268	310
268	311
312	313
312	314
312	315
316	317
318	319
318	320
318	321
318	322
318	323
318	324
318	325
318	326
318	327
318	328
318	329
318	330
318	331
318	332
318	333
318	334
318	335
318	336
318	337
318	338
318	339
318	340
341	342
341	343
341	344
341	345
341	346
341	347
341	348
341	349
341	350
341	351
341	352
341	353
341	354
341	355
341	356
357	358
359	360
359	361
359	362
363	364
365	366
367	368
369	370
371	372
373	374
373	375
192	102
192	193
192	103
192	270
192	194
192	195
192	376
192	377
192	196
192	272
192	104
192	378
192	105
192	274
192	275
192	198
192	379
192	200
192	202
192	107
192	278
192	203
192	279
192	280
192	110
192	111
192	112
192	285
192	380
192	381
192	287
192	382
192	170
192	205
192	207
192	289
192	383
192	290
192	384
192	385
192	386
192	293
192	114
192	211
192	115
192	116
192	294
192	213
192	117
192	295
192	296
192	214
192	215
192	216
192	298
192	387
192	300
192	301
192	174
192	302
192	220
192	388
192	221
192	119
192	303
192	222
192	175
192	389
192	305
192	223
192	121
192	390
192	308
192	122
192	176
192	309
192	123
192	226
192	310
192	228
192	391
192	124
192	232
392	245
392	251
392	73
392	255
392	76
392	78
392	261
392	265
392	267
393	394
395	396
395	397
395	398
395	399
395	400
395	401
402	403
402	404
402	405
402	389
402	406
402	407
408	409
408	410
408	411
408	412
408	413
408	414
408	415
408	416
408	417
408	418
408	419
408	420
408	421
408	422
408	423
408	424
408	425
408	426
408	427
408	428
408	429
408	430
408	431
408	432
408	433
269	102
269	270
269	271
269	273
269	105
269	274
269	275
269	200
269	277
269	278
269	279
269	280
269	111
269	281
269	282
269	283
269	284
269	285
269	287
269	288
269	170
269	434
269	289
269	435
269	291
269	293
269	436
269	115
269	294
269	295
269	298
269	300
269	301
269	174
269	302
269	303
269	304
269	305
269	306
269	307
269	308
269	122
269	176
437	438
437	439
437	440
437	441
437	442
437	443
437	444
437	445
437	446
437	447
437	448
437	449
437	450
437	451
437	452
437	453
437	454
437	455
437	456
437	457
437	458
459	460
459	461
462	463
464	465
466	467
180	186
180	187
180	24
180	468
180	469
180	470
180	471
180	472
180	473
180	183
180	184
180	189
180	474
180	475
180	190
186	469
186	472
476	477
476	478
476	479
476	480
481	482
481	96
481	483
481	484
481	485
486	487
486	488
486	463
486	15
102	193
102	489
102	270
102	194
102	271
102	272
102	273
102	105
102	274
102	275
102	276
102	379
102	277
102	107
102	278
102	279
102	109
102	280
102	110
102	111
102	283
102	284
102	285
102	381
102	287
102	288
102	170
102	289
102	290
102	291
102	385
102	113
102	386
102	292
102	293
102	114
102	115
102	116
102	294
102	490
102	117
102	295
102	296
102	298
102	300
102	301
102	174
102	302
102	303
102	175
102	389
102	304
102	305
102	491
102	223
102	121
102	306
102	492
102	493
102	308
102	122
102	176
102	309
102	226
102	310
102	124
102	494
102	311
193	194
193	195
193	376
193	196
193	272
193	104
193	378
193	274
193	198
193	276
193	379
193	200
193	201
193	495
193	107
193	278
193	496
193	279
193	497
193	280
193	110
193	111
193	283
193	112
193	381
193	288
193	170
193	205
193	289
193	290
193	385
193	113
193	386
193	292
193	293
193	114
193	115
193	116
193	294
193	117
193	295
193	296
193	298
193	387
193	218
193	300
193	301
193	174
193	302
193	303
193	222
193	175
193	389
193	304
193	305
193	223
193	121
193	390
193	498
193	308
193	122
193	176
193	499
193	309
193	226
193	500
193	310
193	391
193	124
193	229
501	502
501	503
245	504
245	246
245	505
245	506
245	247
245	248
245	249
245	250
245	251
245	252
245	253
245	73
245	507
245	255
245	256
245	257
245	76
245	258
245	508
245	78
245	79
245	260
245	261
245	509
245	510
245	81
245	511
245	263
245	83
245	264
245	512
245	265
245	85
245	266
245	267
245	513
514	515
514	516
514	517
514	518
514	519
520	521
522	70
522	73
522	76
522	79
522	80
522	84
522	86
523	524
523	525
103	379
103	200
103	106
103	108
103	497
103	110
103	526
103	118
103	119
103	120
103	527
103	176
103	123
103	500
103	528
103	125
529	530
529	531
529	532
529	533
529	534
529	535
529	536
529	537
529	538
529	539
529	540
529	541
529	542
529	543
529	544
529	545
529	546
529	547
529	548
529	549
529	550
551	295
551	304
552	279
552	111
552	553
552	296
552	387
552	122
554	555
554	556
554	557
554	558
554	559
560	561
32	33
32	34
32	562
32	35
32	36
32	37
32	38
32	39
32	40
32	563
564	565
564	566
567	568
567	569
567	570
567	571
567	572
567	573
567	574
575	576
575	577
575	578
575	579
575	580
575	153
575	581
582	105
582	583
582	584
582	585
582	586
587	588
587	589
587	590
587	591
62	63
62	64
62	65
62	592
62	593
62	594
62	595
62	596
62	597
62	598
62	599
62	68
62	600
601	602
603	15
604	605
604	606
604	607
604	251
604	507
604	255
604	608
604	609
604	610
604	260
604	261
604	611
604	510
604	612
604	512
604	613
604	614
604	513
319	320
319	321
319	322
319	323
319	324
319	325
319	615
319	326
319	327
319	616
319	328
319	329
319	330
319	331
319	333
319	334
319	335
319	336
319	337
319	338
319	340
1	2
1	3
1	4
1	5
617	368
617	618
619	620
619	621
619	622
524	487
524	623
524	624
524	625
524	626
524	627
628	566
63	65
63	67
629	630
629	631
629	632
629	633
629	634
629	635
636	164
636	166
637	638
489	104
489	639
489	109
489	110
489	112
489	381
489	170
489	640
489	116
489	641
489	117
489	295
489	302
489	642
489	222
489	389
489	643
489	644
489	645
489	122
489	646
489	227
489	391
489	124
489	647
489	311
648	649
648	528
409	410
409	412
409	413
409	414
409	415
409	416
409	650
409	417
409	418
409	419
409	420
409	421
409	422
409	423
409	424
409	651
409	425
409	426
409	427
409	652
409	428
409	429
409	430
409	431
409	499
409	432
409	433
504	247
504	250
504	251
504	256
504	257
504	265
504	267
653	654
653	655
653	656
653	657
653	658
653	659
653	660
653	661
653	662
653	663
653	664
653	665
653	666
653	667
653	668
653	669
653	670
653	361
653	671
653	672
653	673
653	674
653	675
653	676
653	677
653	678
653	679
653	680
653	681
653	682
653	683
653	684
653	685
653	686
653	687
630	631
630	633
630	635
89	90
89	92
89	93
688	689
690	370
690	691
692	693
692	694
692	695
156	134
156	160
156	161
270	271
270	272
270	273
270	105
270	274
270	275
270	276
270	379
270	107
270	278
270	279
270	280
270	111
270	282
270	283
270	284
270	112
270	285
270	286
270	287
270	288
270	170
270	434
270	289
270	290
270	291
270	385
270	113
270	386
270	292
270	293
270	115
270	294
270	295
270	296
270	298
270	299
270	300
270	301
270	174
270	302
270	303
270	175
270	304
270	305
270	121
270	306
270	307
270	308
270	122
270	176
270	309
270	310
270	494
270	696
270	697
194	195
194	376
194	377
194	272
194	104
194	378
194	274
194	198
194	379
194	200
194	277
194	107
194	278
194	203
194	496
194	279
194	280
194	110
194	283
194	284
194	285
194	381
194	287
194	254
194	698
194	170
194	205
194	699
194	383
194	385
194	386
194	292
194	114
194	211
194	115
194	116
194	294
194	117
194	295
194	296
194	215
194	216
194	700
194	387
194	218
194	300
194	173
194	174
194	302
194	388
194	303
194	175
194	304
194	305
194	223
194	121
194	701
194	306
194	307
194	308
194	122
194	176
194	225
194	499
194	309
194	226
194	500
194	310
194	391
194	230
271	272
271	273
271	105
271	274
271	275
271	107
271	278
271	279
271	280
271	111
271	281
271	282
271	283
271	285
271	286
271	287
271	288
271	170
271	289
271	290
271	291
271	293
271	115
271	294
271	298
271	300
271	301
271	302
271	303
271	175
271	304
271	305
271	121
271	308
271	122
438	439
438	702
438	440
438	441
438	703
438	442
438	443
438	444
438	445
438	446
438	447
438	448
438	449
438	543
438	450
438	451
438	452
438	453
438	454
438	455
438	456
438	457
438	458
704	705
704	706
707	708
707	16
707	709
707	710
530	531
530	532
530	533
530	534
530	535
530	536
530	537
530	538
530	539
530	540
530	541
530	542
530	544
530	711
530	545
530	546
530	547
530	548
530	549
530	712
530	550
588	589
588	590
588	713
588	714
588	591
588	715
588	716
588	717
236	718
236	237
719	720
719	721
719	722
719	723
724	725
724	726
727	728
23	24
23	25
23	26
23	64
23	729
23	27
23	28
23	730
23	731
23	29
23	30
732	733
732	734
732	735
732	736
732	737
732	738
187	739
187	24
187	468
187	64
187	740
187	741
187	742
187	743
187	471
187	744
187	745
187	473
187	184
187	746
187	189
187	747
187	678
187	748
187	190
195	104
195	378
195	198
195	200
195	203
195	207
195	208
195	211
195	116
195	749
195	215
195	220
195	221
195	223
195	121
195	701
195	176
195	226
195	750
195	229
195	230
195	232
410	413
410	414
410	415
410	416
410	417
410	418
410	419
410	420
410	421
410	422
410	423
410	424
410	651
410	425
410	426
410	427
410	428
410	429
410	430
410	431
410	432
410	433
439	702
439	440
439	441
439	703
439	536
439	442
439	443
439	444
439	445
439	446
439	447
439	448
439	449
439	450
439	451
439	452
439	453
439	454
439	455
439	456
439	457
439	458
751	752
751	753
751	754
751	755
751	756
751	757
751	758
751	759
751	760
90	761
90	91
90	92
90	93
157	158
157	159
157	134
157	160
157	161
762	763
764	765
764	766
764	767
768	769
768	770
768	771
772	773
772	774
772	775
772	776
772	777
772	183
772	778
772	779
772	780
772	781
782	783
784	320
784	322
784	323
784	324
784	325
784	333
784	335
784	336
784	337
784	338
785	786
785	787
788	789
788	790
788	791
788	792
788	793
788	794
788	795
788	796
788	797
798	799
798	800
798	801
531	532
531	533
531	534
531	535
531	536
531	537
531	538
531	539
531	541
531	542
531	545
531	547
531	548
531	550
376	377
376	104
376	802
376	379
376	200
376	803
376	804
376	805
376	110
376	806
376	380
376	254
376	807
376	384
376	808
376	385
376	116
376	117
376	172
376	809
376	612
376	810
376	811
376	812
376	499
376	500
813	814
815	816
817	818
817	182
819	205
820	821
377	104
377	274
377	806
377	380
377	254
377	807
377	384
377	114
377	116
377	822
377	173
377	612
377	823
377	389
377	812
377	176
377	391
824	825
239	240
826	827
826	828
826	405
826	829
826	641
826	389
826	643
826	644
826	830
826	406
826	647
196	104
196	198
196	199
196	201
196	204
196	207
196	208
196	385
196	211
196	116
196	213
196	822
196	215
196	216
196	221
196	222
196	389
196	223
196	390
196	229
196	232
831	832
831	833
831	834
831	835
831	836
502	503
837	838
837	839
837	64
837	596
837	840
841	842
841	843
841	708
841	710
844	845
844	846
844	752
844	847
844	848
844	849
844	850
844	851
844	852
844	853
844	854
855	856
855	857
858	739
858	468
858	741
858	859
858	860
858	861
858	743
858	744
858	745
858	862
858	473
858	863
858	793
858	746
858	797
864	164
864	165
864	166
272	104
272	273
272	105
272	274
272	275
272	198
272	379
272	200
272	277
272	107
272	278
272	496
272	279
272	280
272	111
272	283
272	284
272	112
272	285
272	286
272	381
272	287
272	288
272	170
272	289
272	383
272	290
272	291
272	385
272	113
272	292
272	293
272	114
272	865
272	115
272	294
272	117
272	295
272	296
272	297
272	298
272	387
272	300
272	301
272	174
272	302
272	866
272	303
272	175
272	304
272	305
272	223
272	121
272	306
272	867
272	308
272	122
272	176
272	499
272	868
272	309
272	310
272	869
272	311
576	577
576	578
576	579
576	580
870	871
870	872
870	873
870	874
870	875
870	876
870	877
870	154
870	878
870	879
870	880
870	881
870	882
883	884
883	683
320	321
320	322
320	323
320	324
320	325
320	326
320	327
320	616
320	328
320	329
320	330
320	331
320	332
320	333
320	334
320	335
320	336
320	337
320	885
320	338
320	340
739	468
739	741
739	859
739	860
739	861
739	743
739	744
739	745
739	862
739	473
739	863
739	793
739	746
739	797
197	104
197	198
197	200
197	202
197	203
197	204
197	205
197	206
197	208
197	209
197	886
197	210
197	211
197	116
197	212
197	213
197	214
197	215
197	216
197	217
197	219
197	220
197	221
197	887
197	223
197	225
197	228
197	229
197	230
197	231
197	232
888	30
889	505
889	70
889	74
889	76
889	79
889	80
889	81
889	82
889	84
889	86
890	891
321	322
321	323
321	324
321	325
321	615
321	326
321	327
321	328
321	329
321	330
321	331
321	332
321	333
321	334
321	335
321	336
321	337
321	338
321	340
892	765
892	828
892	893
892	894
892	895
892	896
892	897
892	898
892	899
892	900
892	901
892	406
892	902
903	131
903	904
905	344
246	248
246	249
246	250
246	252
246	253
246	73
246	254
246	257
246	76
246	258
246	78
246	260
246	261
246	262
246	263
246	264
246	265
246	266
246	267
906	907
702	441
702	703
702	442
702	443
702	444
702	445
702	446
702	447
702	448
702	449
702	543
702	450
702	908
702	451
702	452
702	453
702	454
702	455
702	456
702	457
702	458
838	909
838	64
838	596
838	840
910	167
50	51
50	52
50	53
911	912
911	913
911	914
915	24
915	916
915	917
915	64
915	918
915	27
915	919
915	920
915	921
915	922
915	683
915	30
923	924
923	925
440	441
440	703
440	442
440	443
440	444
440	445
440	446
440	447
440	448
440	449
440	450
440	451
440	452
440	453
440	454
440	455
440	457
440	458
845	926
845	846
845	927
845	847
845	848
845	343
845	849
845	928
845	850
845	929
845	930
845	931
845	851
845	932
845	933
845	852
845	853
845	934
845	352
845	935
845	854
845	936
845	937
938	939
938	849
938	852
938	853
938	854
104	105
104	274
104	198
104	379
104	639
104	200
104	201
104	202
104	278
104	203
104	109
104	204
104	110
104	283
104	380
104	170
104	205
104	206
104	207
104	208
104	385
104	113
104	292
104	940
104	210
104	114
104	211
104	116
104	212
104	641
104	213
104	117
104	295
104	296
104	214
104	822
104	215
104	216
104	217
104	219
104	174
104	220
104	221
104	222
104	389
104	120
104	644
104	304
104	223
104	390
104	492
104	122
104	176
104	941
104	942
104	226
104	228
104	391
104	124
104	229
104	231
104	232
943	944
943	21
733	734
733	735
733	736
733	737
733	738
505	506
505	247
505	70
505	72
505	250
505	251
505	73
505	74
505	255
505	257
505	76
505	945
505	508
505	78
505	79
505	80
505	260
505	261
505	509
505	510
505	81
505	612
505	511
505	83
505	265
505	946
505	84
505	85
505	266
505	86
505	267
827	639
827	947
827	765
827	109
827	828
827	893
827	948
827	949
827	405
827	950
827	640
827	951
827	895
827	896
827	829
827	490
827	641
827	952
827	117
827	953
827	295
827	954
827	955
827	642
827	389
827	643
827	644
827	830
827	900
827	492
827	308
827	122
827	941
827	646
827	227
827	406
827	391
827	124
827	647
827	902
956	957
956	124
958	959
958	960
506	251
506	76
506	508
506	78
506	260
506	261
506	81
506	612
506	511
506	83
506	946
506	85
506	267
961	962
411	414
411	422
411	424
411	429
963	964
963	45
963	965
963	966
967	968
967	807
967	969
967	970
967	770
967	971
967	972
967	973
974	975
976	977
978	979
378	200
378	278
378	280
378	110
378	382
378	698
378	386
378	116
378	749
378	701
378	176
378	226
378	750
378	230
980	981
982	731
983	984
273	105
273	274
273	275
273	276
273	200
273	765
273	277
273	107
273	278
273	279
273	828
273	280
273	111
273	281
273	282
273	283
273	112
273	285
273	381
273	287
273	288
273	170
273	950
273	289
273	291
273	113
273	292
273	293
273	114
273	115
273	294
273	117
273	295
273	296
273	298
273	387
273	218
273	301
273	174
273	302
273	303
273	175
273	643
273	304
273	305
273	830
273	306
273	307
273	308
273	122
273	176
273	868
273	309
273	226
273	310
273	391
273	124
273	494
273	311
273	697
33	34
33	35
33	36
33	37
33	38
33	39
33	40
985	986
985	7
985	8
985	9
985	10
987	277
105	274
105	275
105	276
105	379
105	200
105	277
105	107
105	278
105	279
105	988
105	280
105	111
105	281
105	282
105	283
105	284
105	112
105	285
105	381
105	287
105	288
105	170
105	950
105	289
105	290
105	553
105	291
105	385
105	171
105	113
105	292
105	293
105	114
105	865
105	115
105	116
105	829
105	294
105	117
105	295
105	296
105	298
105	387
105	300
105	301
105	174
105	302
105	866
105	303
105	175
105	389
105	304
105	305
105	830
105	121
105	306
105	645
105	492
105	493
105	308
105	122
105	176
105	868
105	646
105	309
105	310
105	406
105	124
105	494
105	311
274	275
274	200
274	277
274	107
274	278
274	279
274	989
274	280
274	110
274	990
274	111
274	281
274	283
274	284
274	112
274	285
274	380
274	286
274	381
274	287
274	991
274	288
274	170
274	434
274	289
274	383
274	290
274	384
274	291
274	385
274	113
274	386
274	292
274	293
274	114
274	115
274	116
274	294
274	117
274	295
274	296
274	298
274	387
274	300
274	301
274	174
274	302
274	866
274	303
274	823
274	175
274	304
274	305
274	121
274	306
274	307
274	308
274	122
274	176
274	499
274	500
274	391
274	311
802	803
802	804
802	808
802	809
802	992
802	810
605	606
605	607
605	251
605	507
605	255
605	608
605	76
605	609
605	610
605	78
605	260
605	261
605	611
605	510
605	81
605	612
605	613
605	513
993	994
968	969
968	970
968	971
968	972
968	973
926	846
926	927
926	847
926	848
926	343
926	849
926	928
926	850
926	929
926	930
926	931
926	851
926	932
926	933
926	852
926	853
926	935
926	854
926	936
926	937
247	249
247	250
247	251
247	73
247	255
247	256
247	257
247	76
247	508
247	78
247	260
247	261
247	81
247	511
247	263
247	83
247	264
247	265
247	85
247	266
247	267
995	996
997	998
999	1000
999	1001
1002	1003
871	872
871	873
871	874
871	875
871	876
871	877
871	154
871	878
871	879
871	880
871	881
871	882
871	1004
1005	1006
654	655
654	659
654	660
654	661
654	663
654	664
654	666
654	675
654	677
654	679
654	680
654	686
1007	1008
1007	1009
1007	1010
1007	1011
1007	1012
370	1013
370	691
1014	1015
1016	1017
1016	1018
1016	1019
1016	1020
42	43
42	44
42	46
42	47
275	276
275	200
275	277
275	278
275	279
275	280
275	111
275	281
275	282
275	283
275	284
275	112
275	285
275	381
275	287
275	288
275	170
275	434
275	289
275	290
275	291
275	385
275	113
275	292
275	293
275	115
275	294
275	117
275	296
275	298
275	299
275	1021
275	300
275	301
275	174
275	302
275	866
275	303
275	175
275	1022
275	304
275	305
275	867
275	307
275	308
275	122
275	176
275	309
275	310
275	869
275	494
275	311
655	659
655	1023
655	1024
655	660
655	661
655	662
655	663
655	664
655	666
655	361
655	675
655	677
655	679
655	680
655	683
655	1025
655	686
1026	1027
1026	488
1026	1028
1026	1029
1026	1030
1031	1032
1031	1033
1031	1034
1031	1035
1031	1036
1031	1037
1031	1038
846	1039
846	1040
846	927
846	847
846	848
846	343
846	849
846	928
846	850
846	929
846	930
846	931
846	851
846	932
846	1041
846	933
846	852
846	853
846	1042
846	934
846	1043
846	935
846	854
846	936
846	937
198	200
198	201
198	202
198	203
198	204
198	205
198	206
198	207
198	208
198	386
198	210
198	211
198	116
198	212
198	213
198	214
198	215
198	216
198	220
198	221
198	222
198	223
198	390
198	224
198	176
198	942
198	226
198	228
198	229
198	232
656	657
656	665
656	669
656	670
656	671
656	672
656	674
656	676
656	678
656	679
656	680
656	685
656	686
656	687
631	633
1044	164
1044	166
248	249
248	252
248	254
248	257
248	258
248	78
248	264
248	265
248	266
248	267
1045	1046
1047	1048
1047	1049
1047	1050
1047	1051
1047	1052
487	623
487	1053
487	624
487	625
487	626
487	463
487	627
487	1054
487	1055
43	44
43	46
43	47
43	48
1056	1012
1057	1058
477	478
1059	1060
1059	822
1059	1061
70	71
70	72
70	73
70	380
70	74
70	75
70	76
70	78
70	79
70	80
70	509
70	81
70	612
70	82
70	83
70	84
70	85
70	86
1039	1040
1039	1041
1039	1042
1039	1043
832	833
832	834
832	836
1062	1063
1062	1064
1065	676
276	379
276	277
276	107
276	278
276	279
276	109
276	280
276	110
276	111
276	285
276	381
276	287
276	288
276	170
276	290
276	385
276	113
276	292
276	293
276	115
276	116
276	294
276	490
276	117
276	295
276	387
276	300
276	301
276	174
276	302
276	303
276	175
276	389
276	644
276	304
276	121
276	306
276	645
276	493
276	308
276	122
276	176
276	310
276	124
276	494
1066	1067
1066	1068
1069	1070
1069	1071
1069	1072
1069	1073
1074	1075
1074	1076
379	200
379	279
379	280
379	110
379	111
379	283
379	112
379	382
379	170
379	207
379	385
379	113
379	386
379	114
379	115
379	116
379	117
379	295
379	296
379	297
379	300
379	173
379	174
379	389
379	120
379	304
379	223
379	121
379	390
379	122
379	176
379	499
379	309
379	123
379	500
379	310
379	391
379	124
379	1077
1078	1079
1078	1080
1081	1082
1081	1083
1081	131
1081	1064
1081	1084
412	413
412	414
412	415
412	416
412	417
412	418
412	421
412	422
412	423
412	424
412	425
412	427
412	428
412	429
412	433
413	414
413	415
413	416
413	650
413	417
413	418
413	419
413	420
413	421
413	422
413	423
413	424
413	425
413	426
413	427
413	428
413	429
413	430
413	431
413	499
413	432
413	433
657	665
657	669
657	670
657	671
657	672
657	674
657	676
657	678
657	680
657	687
1085	843
1085	710
1017	1019
1017	1020
639	947
639	109
639	828
639	948
639	112
639	405
639	950
639	640
639	951
639	292
639	829
639	490
639	641
639	952
639	117
639	953
639	295
639	954
639	642
639	222
639	389
639	643
639	644
639	306
639	645
639	492
639	122
639	941
639	646
639	226
639	227
639	406
639	391
639	647
1086	1087
200	277
200	107
200	278
200	203
200	279
200	280
200	204
200	110
200	111
200	282
200	283
200	285
200	380
200	381
200	287
200	288
200	382
200	170
200	205
200	207
200	289
200	383
200	384
200	291
200	208
200	385
200	113
200	386
200	292
200	293
200	114
200	865
200	211
200	115
200	116
200	294
200	213
200	117
200	295
200	296
200	214
200	215
200	216
200	700
200	298
200	218
200	172
200	300
200	301
200	1088
200	174
200	302
200	220
200	388
200	221
200	866
200	303
200	823
200	175
200	304
200	305
200	223
200	121
200	701
200	306
200	390
200	307
200	308
200	122
200	176
200	225
200	942
200	309
200	226
200	500
200	310
200	228
200	391
200	124
200	229
200	494
200	311
200	230
200	232
200	1004
1089	912
368	1090
789	791
789	792
789	795
620	621
620	622
360	361
360	362
986	7
986	8
986	9
986	10
947	109
947	828
947	948
947	405
947	170
947	640
947	951
947	896
947	490
947	641
947	952
947	642
947	389
947	643
947	644
947	492
947	941
947	646
947	647
947	902
106	118
106	119
106	120
106	176
106	125
1091	1092
1093	167
1063	1064
1063	1019
765	828
765	893
765	283
765	766
765	285
765	950
765	894
765	640
765	895
765	896
765	490
765	117
765	898
765	643
765	830
765	900
765	901
765	122
765	406
765	647
765	311
765	902
752	753
752	754
752	755
752	757
752	758
752	759
752	760
752	854
322	323
322	324
322	325
322	615
322	326
322	327
322	616
322	328
322	329
322	330
322	331
322	332
322	333
322	334
322	335
322	336
322	337
322	338
322	340
396	397
396	398
396	1094
396	399
396	400
396	401
769	742
769	1095
769	770
769	748
769	771
1096	1097
1096	1098
1096	1099
1096	709
909	64
909	596
1100	1101
803	804
803	808
803	809
803	992
803	810
803	811
1102	1103
532	533
532	534
532	535
532	536
532	1104
532	537
532	538
532	539
532	540
532	541
532	542
532	544
532	1105
532	711
532	546
532	547
532	548
532	549
532	550
1106	721
1106	1107
1108	1109
577	578
577	579
658	667
658	668
658	671
658	673
658	679
658	681
658	682
658	684
658	685
658	686
1110	1111
568	569
568	570
568	571
568	572
568	573
568	574
533	534
533	535
533	536
533	537
533	538
533	539
533	540
533	542
533	544
533	1105
533	711
533	545
533	546
533	547
533	548
533	549
533	550
1112	1113
1114	1115
1114	677
1114	1116
1117	293
1117	175
414	415
414	416
414	417
414	418
414	419
414	420
414	421
414	422
414	423
414	424
414	425
414	426
414	427
414	652
414	428
414	429
414	430
414	431
414	432
414	433
534	535
534	536
534	537
534	538
534	539
534	540
534	541
534	542
534	545
534	546
534	547
534	548
534	549
534	712
534	550
1040	1041
1040	1042
1040	1043
1118	1119
1027	1053
1027	1028
1027	1120
1027	1029
1027	1098
1027	1030
24	25
24	26
24	916
24	917
24	64
24	918
24	729
24	1121
24	27
24	919
24	28
24	730
24	731
24	1122
24	184
24	920
24	29
24	921
24	922
24	748
24	683
24	30
129	130
129	131
129	132
129	133
129	134
129	135
129	136
129	137
129	138
129	301
129	175
129	140
129	141
129	142
129	143
1070	1071
1070	1123
1070	1072
1070	1073
1070	1124
1125	1018
1125	626
1126	34
1127	497
1127	1128
1127	526
1127	1129
1127	1130
1127	1131
1127	528
1127	684
1132	488
188	468
188	742
188	181
188	743
188	473
188	676
188	748
188	190
1133	473
1134	1135
1134	171
1134	139
1134	1136
1137	1138
1139	1140
606	607
606	251
606	507
606	255
606	608
606	609
606	610
606	260
606	261
606	611
606	510
606	81
606	612
606	613
606	513
323	324
323	325
323	615
323	326
323	327
323	616
323	328
323	329
323	330
323	331
323	332
323	333
323	334
323	335
323	336
323	337
323	338
323	339
323	340
1032	1033
1032	1034
1032	1035
1032	1036
1032	1037
1032	1038
607	251
607	507
607	255
607	608
607	76
607	609
607	610
607	260
607	261
607	611
607	510
607	612
607	613
607	513
1141	1142
1143	1144
1143	1145
1143	1146
1143	1147
1143	1148
1143	1113
1143	1149
753	754
753	755
753	756
753	757
753	758
753	759
753	760
589	590
589	713
589	714
589	591
589	715
589	716
589	717
1150	584
1150	585
1150	586
1151	1152
1153	1154
1155	1156
872	873
872	874
872	875
872	876
872	877
872	154
872	878
872	879
872	880
872	881
872	882
872	1004
1157	1158
1159	1160
1161	1162
1163	1164
1163	1165
324	325
324	615
324	326
324	327
324	616
324	328
324	329
324	330
324	331
324	332
324	333
324	334
324	335
324	336
324	337
324	885
324	338
324	340
201	1166
201	207
201	208
201	940
201	211
201	116
201	212
201	215
201	223
201	390
201	498
201	176
201	228
201	229
201	232
130	131
130	132
130	133
130	134
130	135
130	136
130	137
130	138
130	139
130	140
130	141
130	143
468	741
468	859
468	860
468	861
468	743
468	471
468	744
468	745
468	862
468	473
468	863
468	793
468	746
468	190
468	797
441	703
441	442
441	443
441	444
441	445
441	446
441	447
441	448
441	449
441	450
441	451
441	452
441	453
441	454
441	455
441	456
441	457
441	458
1167	1168
1167	1169
590	713
590	714
590	591
590	715
590	716
590	717
590	1170
939	851
325	615
325	326
325	327
325	616
325	328
325	329
325	330
325	331
325	332
325	333
325	334
325	335
325	336
325	337
325	338
325	339
325	340
202	1171
202	203
202	1172
202	204
202	205
202	206
202	208
202	209
202	886
202	210
202	211
202	212
202	213
202	214
202	215
202	216
202	217
202	219
202	220
202	221
202	887
202	223
202	225
202	228
202	229
202	230
202	231
202	232
1173	460
1018	1174
1018	1175
25	26
25	64
25	729
25	27
25	28
25	730
25	731
25	29
25	30
415	416
415	417
415	418
415	419
415	420
415	421
415	422
415	423
415	424
415	425
415	426
415	427
415	428
415	429
415	430
415	431
415	432
415	433
416	417
416	418
416	419
416	420
416	421
416	422
416	423
416	424
416	425
416	426
416	427
416	428
416	429
416	430
416	431
416	432
416	433
689	1049
1176	1177
1178	1179
1180	1181
1180	1182
1180	729
1180	1183
1180	541
1180	27
1180	1184
1180	543
1180	29
1180	1185
1180	1186
1180	563
403	404
403	407
2	3
2	4
2	5
927	847
927	848
927	343
927	849
927	928
927	850
927	929
927	851
927	932
927	933
927	852
927	853
927	934
927	935
927	854
927	936
927	937
71	72
71	73
71	75
71	78
71	79
71	80
71	84
71	86
495	207
495	940
495	498
1187	1188
249	250
249	251
249	252
249	253
249	73
249	254
249	257
249	76
249	258
249	259
249	78
249	260
249	261
249	263
249	264
249	265
249	266
249	267
804	16
804	809
804	992
277	107
277	278
277	279
277	280
277	111
277	281
277	283
277	112
277	285
277	381
277	288
277	170
277	289
277	291
277	113
277	386
277	292
277	293
277	114
277	115
277	294
277	117
277	295
277	296
277	298
277	387
277	300
277	301
277	174
277	302
277	303
277	175
277	304
277	305
277	306
277	1189
277	308
277	122
277	176
277	868
277	309
277	391
277	494
277	311
713	714
713	591
713	715
713	717
1190	374
1190	1191
1190	843
1190	1192
1190	375
1190	16
1190	1193
1190	710
1190	1194
839	1195
1196	1197
535	536
535	537
535	538
535	539
535	541
535	542
535	545
535	547
535	548
535	550
847	848
847	342
847	343
847	849
847	928
847	850
847	929
847	930
847	931
847	851
847	932
847	933
847	1198
847	852
847	853
847	934
847	352
847	353
847	935
847	854
847	936
847	937
1171	1172
1171	206
1171	209
1171	210
1171	220
1171	228
659	660
659	661
659	662
659	663
659	664
659	666
659	361
659	675
659	677
659	679
659	680
659	683
659	686
615	1199
615	329
615	330
615	333
615	334
615	335
615	337
754	755
754	756
754	757
754	758
754	759
754	760
1200	1201
72	73
72	380
72	74
72	75
72	76
72	77
72	78
72	79
72	80
72	509
72	81
72	82
72	83
72	84
72	85
72	86
107	278
107	279
107	111
107	283
107	112
107	285
107	286
107	381
107	287
107	170
107	289
107	290
107	553
107	291
107	385
107	113
107	292
107	293
107	114
107	115
107	294
107	117
107	296
107	297
107	387
107	300
107	301
107	174
107	302
107	303
107	175
107	304
107	121
107	308
107	122
107	176
107	309
107	391
107	494
107	311
1202	1082
1202	1083
1202	1203
1202	1084
1204	1205
848	343
848	849
848	928
848	850
848	929
848	930
848	931
848	851
848	932
848	933
848	852
848	853
848	934
848	352
848	935
848	854
848	936
848	937
108	110
108	118
108	119
108	120
108	527
108	499
108	123
108	125
805	806
805	612
805	613
703	442
703	443
703	444
703	445
703	446
703	447
703	448
703	449
703	543
703	450
703	451
703	452
703	453
703	454
703	455
703	456
703	457
703	458
278	496
278	279
278	280
278	110
278	990
278	111
278	281
278	282
278	283
278	284
278	112
278	285
278	381
278	287
278	1206
278	288
278	170
278	434
278	699
278	289
278	290
278	291
278	385
278	113
278	386
278	292
278	293
278	114
278	865
278	115
278	116
278	294
278	117
278	295
278	296
278	297
278	298
278	299
278	218
278	300
278	301
278	174
278	302
278	866
278	303
278	175
278	304
278	305
278	223
278	121
278	306
278	867
278	307
278	308
278	122
278	176
278	868
278	309
278	310
278	124
278	494
278	311
536	537
536	538
536	445
536	539
536	540
536	447
536	448
536	541
536	542
536	543
536	544
536	545
536	547
536	451
536	454
536	548
536	549
536	550
536	457
203	204
203	1207
203	205
203	206
203	207
203	208
203	209
203	886
203	210
203	211
203	116
203	212
203	213
203	214
203	215
203	216
203	217
203	219
203	220
203	221
203	887
203	223
203	176
203	225
203	228
203	229
203	230
203	231
203	232
496	280
496	287
496	288
496	170
496	113
496	386
496	292
496	293
496	115
496	294
496	295
496	296
496	174
496	866
496	303
496	175
496	304
496	121
496	308
496	499
496	869
1003	1168
1003	1208
1003	1169
326	327
326	328
326	329
326	330
326	331
326	333
326	334
326	335
326	337
326	338
326	339
326	340
158	159
158	134
158	160
158	161
279	109
279	828
279	280
279	111
279	281
279	282
279	283
279	284
279	112
279	285
279	381
279	287
279	288
279	170
279	289
279	383
279	290
279	291
279	385
279	113
279	386
279	292
279	293
279	114
279	115
279	116
279	294
279	490
279	117
279	295
279	296
279	297
279	298
279	299
279	1021
279	300
279	301
279	174
279	302
279	866
279	303
279	175
279	389
279	644
279	304
279	305
279	830
279	491
279	121
279	306
279	307
279	492
279	308
279	122
279	176
279	309
279	310
279	406
279	124
279	647
279	494
279	311
755	756
755	757
755	758
755	759
755	760
250	251
250	252
250	253
250	73
250	255
250	256
250	257
250	76
250	258
250	508
250	78
250	260
250	261
250	81
250	511
250	83
250	264
250	512
250	265
250	266
250	267
1082	1083
1082	1203
1082	1084
1082	1209
761	92
761	93
1079	1080
26	28
26	29
26	30
1210	1068
1211	1212
109	828
109	948
109	283
109	112
109	405
109	254
109	640
109	951
109	113
109	292
109	116
109	896
109	1213
109	490
109	641
109	952
109	117
109	953
109	295
109	822
109	216
109	954
109	955
109	302
109	642
109	222
109	175
109	389
109	643
109	644
109	830
109	492
109	308
109	122
109	941
109	646
109	226
109	227
109	406
109	391
109	124
109	647
109	494
109	902
1214	1215
1214	1216
1214	1217
1214	1218
1214	1219
1214	1220
1221	1099
818	182
996	1222
996	1223
1224	1225
1224	1226
1227	1228
1227	1229
1227	1230
1227	1231
1227	1232
1233	1234
561	1235
561	1236
1181	1182
1181	64
1181	729
1181	1183
1181	541
1181	27
1181	1184
1181	29
1181	1185
1181	1186
1181	563
482	96
482	1237
482	1238
482	484
482	1239
1144	1145
1144	1146
1144	1147
1144	1148
1144	1113
1144	1149
1240	1241
623	624
623	625
623	627
623	1054
623	1055
856	857
988	110
988	283
988	553
988	116
988	174
988	122
988	311
988	1077
1172	206
1172	209
1172	220
1172	228
469	472
469	189
469	1242
469	474
469	475
1243	1244
828	893
828	948
828	949
828	283
828	405
828	381
828	170
828	950
828	894
828	553
828	640
828	951
828	895
828	896
828	829
828	490
828	641
828	952
828	117
828	953
828	898
828	954
828	899
828	1021
828	955
828	642
828	389
828	643
828	644
828	830
828	900
828	901
828	492
828	308
828	122
828	941
828	646
828	227
828	406
828	391
828	124
828	647
828	311
828	902
1245	1246
569	570
569	571
569	572
569	573
569	574
342	343
342	344
342	345
342	346
342	850
342	347
342	348
342	349
342	350
342	351
342	352
342	353
342	354
342	355
342	356
342	937
1247	1248
1249	1250
1249	1251
1249	1252
343	849
343	928
343	850
343	929
343	930
343	931
343	851
343	932
343	933
343	852
343	853
343	934
343	352
343	353
343	935
343	854
343	936
343	937
442	443
442	444
442	445
442	446
442	447
442	448
442	449
442	450
442	451
442	452
442	453
442	454
442	455
442	456
442	457
442	458
497	1128
497	526
497	1129
497	1253
497	1130
497	119
497	120
497	1131
497	528
497	125
1083	1203
1083	1084
251	252
251	73
251	380
251	74
251	507
251	255
251	256
251	257
251	608
251	76
251	609
251	945
251	508
251	259
251	610
251	78
251	80
251	260
251	261
251	611
251	509
251	510
251	81
251	612
251	511
251	83
251	264
251	512
251	265
251	84
251	85
251	266
251	86
251	267
251	513
1254	1255
1256	1257
650	417
650	431
650	433
1258	1259
1258	593
280	110
280	111
280	281
280	282
280	283
280	112
280	285
280	381
280	287
280	288
280	170
280	434
280	289
280	290
280	291
280	385
280	113
280	386
280	292
280	293
280	114
280	115
280	116
280	294
280	117
280	295
280	296
280	297
280	298
280	387
280	300
280	301
280	174
280	302
280	866
280	303
280	175
280	304
280	305
280	121
280	306
280	307
280	308
280	122
280	176
280	868
280	309
280	310
280	124
280	311
1260	1261
204	205
204	206
204	207
204	208
204	209
204	210
204	211
204	212
204	213
204	214
204	215
204	216
204	217
204	219
204	220
204	221
204	223
204	176
204	228
204	229
204	230
204	231
204	232
1262	1263
1262	1029
1262	1264
1262	1194
1265	1266
916	917
916	918
916	27
916	919
916	922
916	683
916	30
344	345
344	346
344	347
344	348
344	349
344	350
344	351
344	352
344	353
344	354
344	355
344	356
110	283
110	112
110	285
110	287
110	254
110	170
110	205
110	384
110	1060
110	385
110	113
110	386
110	292
110	114
110	211
110	115
110	116
110	117
110	295
110	297
110	118
110	218
110	300
110	301
110	1267
110	173
110	174
110	302
110	221
110	119
110	222
110	389
110	120
110	223
110	121
110	308
110	812
110	122
110	176
110	499
110	309
110	226
110	500
110	310
110	391
110	124
1268	164
1268	166
1269	1270
1269	1271
96	488
96	115
96	152
96	153
96	300
96	154
96	1272
1273	979
252	253
252	73
252	254
252	257
252	76
252	258
252	78
252	260
252	261
252	262
252	264
252	265
252	266
252	267
1274	1275
1033	1035
1033	1037
1276	1277
1276	1278
1276	1279
1276	1280
1276	1281
893	894
893	895
893	896
893	490
893	897
893	899
893	642
893	389
893	643
893	830
893	901
893	122
893	406
893	902
1166	207
1203	1084
990	288
990	297
990	1282
990	303
131	1064
131	132
131	133
131	134
131	135
131	1283
131	136
131	904
131	137
131	138
131	1284
131	140
131	1285
131	141
131	1286
131	143
1255	1287
1288	1289
253	254
253	76
253	258
253	259
253	78
253	264
253	267
1104	538
1104	540
1104	190
1290	1291
1292	1293
1294	1295
1294	1296
1294	1297
1294	1298
1294	1299
1294	1300
1294	1301
1302	773
1302	776
1302	779
1302	780
1303	806
1303	380
1303	807
1303	384
1303	1304
1303	612
1303	812
1303	1052
1305	1154
73	380
73	74
73	507
73	255
73	256
73	257
73	75
73	76
73	258
73	508
73	78
73	79
73	80
73	260
73	261
73	509
73	510
73	81
73	612
73	82
73	511
73	83
73	264
73	512
73	265
73	84
73	85
73	266
73	86
73	267
73	513
1064	1019
1064	904
720	723
948	949
948	405
948	950
948	640
948	951
948	895
948	896
948	829
948	641
948	952
948	953
948	955
948	642
948	389
948	643
948	644
948	830
948	492
948	308
948	122
948	941
948	646
948	406
948	391
948	647
948	902
345	346
345	347
345	348
345	349
345	350
345	1306
345	351
345	352
345	353
345	355
345	356
924	925
917	64
917	918
917	27
917	919
917	920
917	921
917	922
917	683
917	30
1307	255
1307	260
721	1308
721	722
721	1107
1309	1310
1311	1230
1182	64
1182	729
1182	1183
1182	541
1182	27
1182	1184
1182	543
1182	29
1182	1185
1182	1186
1182	563
1312	1313
1314	1237
64	65
64	918
64	729
64	1183
64	27
64	593
64	919
64	596
64	1122
64	184
64	920
64	29
64	1315
64	922
64	1186
64	683
64	30
64	600
1316	488
790	791
790	792
790	793
790	794
790	795
790	796
790	797
949	640
949	641
949	117
949	953
949	389
949	643
949	644
949	122
949	406
949	902
1317	1318
1317	1319
1317	1320
849	928
849	850
849	929
849	930
849	931
849	851
849	932
849	933
849	852
849	853
849	934
849	352
849	935
849	854
849	936
849	937
1053	488
1053	1029
1053	1098
1053	1099
928	850
928	929
928	930
928	931
928	851
928	932
928	933
928	852
928	853
928	935
928	854
928	936
928	937
740	742
740	190
1321	1322
1323	1324
1325	1326
460	461
111	282
111	283
111	284
111	112
111	285
111	286
111	381
111	287
111	288
111	170
111	289
111	290
111	553
111	291
111	385
111	113
111	292
111	293
111	114
111	865
111	115
111	116
111	294
111	117
111	295
111	296
111	297
111	298
111	387
111	299
111	218
111	300
111	301
111	174
111	302
111	866
111	303
111	175
111	304
111	305
111	121
111	306
111	867
111	307
111	493
111	308
111	122
111	176
111	499
111	309
111	310
111	869
111	124
111	494
111	311
281	282
281	284
281	285
281	1327
281	288
281	170
281	434
281	293
281	1328
281	295
281	298
281	301
281	303
281	175
281	305
281	307
281	308
741	742
741	859
741	860
741	861
741	743
741	471
741	744
741	745
741	862
741	473
741	863
741	793
741	184
741	746
741	189
741	674
741	748
741	190
741	797
346	347
346	348
346	349
346	350
346	351
346	352
346	353
346	354
346	355
346	356
1034	1035
1034	1036
1034	1037
1034	1038
850	929
850	930
850	931
850	851
850	932
850	933
850	852
850	853
850	934
850	352
850	935
850	854
850	936
850	937
1295	1296
1295	1297
1295	1298
1295	1299
1295	1300
1295	1301
347	348
347	349
347	350
347	351
347	352
347	353
347	354
347	355
347	356
282	285
282	288
282	289
282	435
282	291
282	293
282	298
282	301
282	174
282	302
282	303
282	175
282	305
282	306
282	867
282	307
282	308
773	774
773	775
773	205
773	776
773	777
773	183
773	1329
773	778
773	779
773	780
773	781
1225	1330
443	444
443	445
443	446
443	447
443	448
443	449
443	543
443	450
443	451
443	452
443	453
443	454
443	455
443	456
443	457
443	458
283	284
283	112
283	285
283	381
283	287
283	991
283	288
283	170
283	950
283	289
283	290
283	553
283	640
283	291
283	385
283	113
283	386
283	292
283	293
283	114
283	115
283	294
283	117
283	295
283	296
283	297
283	298
283	899
283	218
283	300
283	301
283	174
283	302
283	866
283	303
283	175
283	643
283	304
283	830
283	223
283	492
283	308
283	122
283	176
283	499
283	406
283	494
283	311
283	902
284	112
284	285
284	288
284	170
284	434
284	699
284	290
284	291
284	293
284	115
284	294
284	296
284	1113
284	300
284	174
284	302
284	303
284	175
284	304
284	308
284	122
284	311
1024	660
1024	661
1024	663
1024	664
1024	675
1024	677
1135	139
1135	1136
929	930
929	931
929	851
929	932
929	933
929	852
929	853
929	934
929	935
929	854
929	936
929	937
806	254
806	807
806	384
806	1331
806	114
806	822
806	1304
806	612
806	1050
806	812
806	1052
1071	1123
1071	1072
1071	1073
1071	1124
537	538
537	539
537	540
537	541
537	542
537	544
537	545
537	547
537	548
537	549
537	712
537	550
660	661
660	662
660	663
660	664
660	666
660	361
660	675
660	677
660	679
660	680
660	683
660	686
112	285
112	405
112	381
112	287
112	288
112	170
112	950
112	289
112	290
112	951
112	113
112	386
112	292
112	293
112	114
112	115
112	116
112	294
112	490
112	117
112	953
112	295
112	296
112	172
112	300
112	301
112	173
112	174
112	302
112	866
112	303
112	175
112	389
112	304
112	223
112	121
112	306
112	645
112	493
112	308
112	122
112	176
112	941
112	309
112	406
112	124
112	494
112	311
1332	1333
1008	1009
1008	1010
1008	1011
1008	1012
1334	1335
1336	1337
1336	1338
1215	1216
1215	1339
1215	1217
1215	1218
1215	1219
1215	1220
766	767
766	117
766	303
766	122
1009	1010
1009	1011
1009	1012
285	286
285	381
285	287
285	288
285	170
285	434
285	289
285	383
285	290
285	553
285	640
285	291
285	385
285	113
285	386
285	292
285	293
285	114
285	115
285	116
285	829
285	294
285	490
285	117
285	295
285	296
285	298
285	899
285	387
285	1113
285	1021
285	300
285	301
285	174
285	1340
285	302
285	866
285	303
285	175
285	304
285	305
285	830
285	121
285	306
285	867
285	307
285	308
285	122
285	176
285	309
285	226
285	310
285	406
285	124
285	494
285	311
1341	1263
1341	1342
65	66
65	67
65	596
65	68
65	600
405	950
405	640
405	951
405	895
405	896
405	829
405	641
405	952
405	953
405	954
405	642
405	389
405	643
405	644
405	830
405	492
405	308
405	122
405	941
405	646
405	227
405	406
405	391
405	647
405	902
538	539
538	540
538	447
538	541
538	542
538	543
538	544
538	1105
538	711
538	545
538	546
538	547
538	451
538	548
538	549
538	712
538	550
538	457
1084	1209
380	74
380	254
380	1343
380	76
380	114
380	116
380	78
380	79
380	80
380	216
380	509
380	221
380	223
380	1344
380	122
380	176
380	942
380	391
380	84
380	86
286	170
286	289
286	293
286	115
286	294
286	300
286	302
286	175
286	121
286	307
286	122
1345	1346
444	445
444	447
444	448
444	449
444	451
444	452
444	453
444	454
444	455
444	456
444	457
444	458
74	76
74	78
74	1347
74	79
74	80
74	261
74	509
74	81
74	82
74	83
74	84
74	86
417	418
417	419
417	420
417	421
417	422
417	423
417	424
417	651
417	425
417	426
417	427
417	428
417	429
417	430
417	431
417	499
417	432
417	433
1348	1349
742	743
742	1095
742	471
742	748
742	190
381	287
381	288
381	170
381	289
381	290
381	640
381	291
381	385
381	113
381	292
381	293
381	114
381	115
381	294
381	117
381	295
381	296
381	954
381	298
381	387
381	300
381	301
381	173
381	174
381	302
381	303
381	222
381	175
381	389
381	643
381	304
381	223
381	121
381	306
381	492
381	308
381	122
381	176
381	499
381	309
381	226
381	406
381	391
381	869
381	124
381	647
381	494
381	311
1035	1263
1035	1036
1035	1037
1035	1038
1216	1339
1216	1217
1216	1218
1216	1219
1216	1220
287	288
287	170
287	289
287	383
287	290
287	291
287	113
287	292
287	293
287	114
287	115
287	896
287	294
287	117
287	295
287	387
287	1021
287	301
287	174
287	302
287	303
287	175
287	389
287	304
287	305
287	121
287	307
287	308
287	122
287	176
287	406
287	391
287	124
287	311
287	902
918	27
918	919
918	920
918	922
918	683
918	30
445	446
445	447
445	448
445	449
445	543
445	450
445	908
445	451
445	452
445	453
445	454
445	455
445	456
445	457
445	458
1350	1351
1352	994
1207	207
1207	208
1207	214
1207	215
1318	1319
1318	1320
254	382
254	1212
254	807
254	384
254	258
254	116
254	1353
254	822
254	173
254	389
254	1235
254	264
254	812
254	840
254	1354
254	267
44	46
44	47
578	579
578	580
488	1355
488	1029
488	1098
488	1099
488	1356
725	965
725	726
20	21
20	1357
1358	1359
774	775
774	776
774	777
774	183
774	474
774	778
774	779
774	780
774	781
1360	1361
1360	1004
1296	1297
1296	1298
1296	1299
1296	1300
1296	1301
583	584
583	585
583	586
570	571
570	572
570	573
242	243
1362	397
1362	398
1362	399
181	182
181	185
592	599
775	776
775	777
775	183
775	778
775	779
775	780
775	781
1263	1342
1263	684
1206	117
1206	1160
729	1183
729	27
729	1184
729	28
729	730
729	731
729	29
729	1185
729	1186
729	30
729	563
661	662
661	663
661	664
661	666
661	361
661	675
661	677
661	679
661	680
661	683
661	686
1363	1364
507	255
507	608
507	76
507	609
507	610
507	78
507	260
507	261
507	611
507	510
507	81
507	612
507	613
507	614
507	267
507	513
1365	1366
624	625
624	57
624	1367
624	1054
624	1055
991	293
991	115
991	294
991	298
991	308
91	92
91	93
288	170
288	289
288	290
288	291
288	385
288	113
288	386
288	292
288	293
288	114
288	115
288	294
288	117
288	295
288	296
288	298
288	387
288	299
288	300
288	301
288	174
288	302
288	866
288	303
288	175
288	304
288	305
288	121
288	306
288	867
288	307
288	308
288	122
288	176
288	868
288	309
288	310
288	494
288	311
3	4
3	5
382	389
382	701
382	122
859	860
859	861
859	743
859	744
859	745
859	862
859	473
859	863
859	793
859	746
859	797
662	663
662	664
662	666
662	361
662	675
662	677
662	686
1368	1369
255	257
255	608
255	76
255	609
255	508
255	259
255	610
255	78
255	260
255	261
255	611
255	510
255	81
255	612
255	511
255	512
255	265
255	85
255	614
255	266
255	267
255	513
256	257
256	76
256	78
256	265
256	267
1228	1229
1228	1230
1228	1231
1228	1232
698	1370
698	226
1128	526
1128	1129
1128	1130
1128	1131
1128	528
418	419
418	420
418	421
418	422
418	423
418	424
418	651
418	425
418	426
418	427
418	428
418	429
418	430
418	431
418	432
418	433
170	289
170	383
170	290
170	291
170	385
170	113
170	386
170	292
170	293
170	114
170	115
170	116
170	294
170	490
170	117
170	295
170	296
170	297
170	387
170	218
170	172
170	300
170	301
170	174
170	302
170	866
170	303
170	175
170	389
170	644
170	304
170	305
170	491
170	223
170	121
170	306
170	307
170	308
170	122
170	176
170	1371
170	499
170	868
170	309
170	310
170	406
170	391
170	869
170	124
170	494
170	311
1212	1372
1212	596
1212	840
205	206
205	208
205	776
205	210
205	211
205	116
205	214
205	215
205	216
205	217
205	1373
205	219
205	220
205	221
205	222
205	389
205	223
205	779
205	780
205	122
205	176
205	309
205	226
205	228
205	229
205	232
257	76
257	258
257	508
257	78
257	260
257	261
257	509
257	510
257	81
257	511
257	83
257	264
257	265
257	85
257	266
257	267
873	874
873	875
873	876
873	877
873	154
873	878
873	879
873	880
873	881
873	882
950	894
950	640
950	951
950	895
950	113
950	896
950	490
950	641
950	117
950	953
950	295
950	898
950	642
950	389
950	643
950	644
950	830
950	900
950	901
950	492
950	308
950	122
950	941
950	646
950	227
950	406
950	391
950	647
950	311
950	902
446	447
446	448
446	449
446	450
446	451
446	452
446	453
446	454
446	455
446	456
446	457
446	458
1123	1072
1374	1375
434	293
434	298
434	300
434	302
434	303
434	307
434	308
1319	1320
1297	1298
1297	1299
1297	1300
1297	1301
1376	1377
206	208
206	209
206	210
206	211
206	213
206	214
206	215
206	216
206	217
206	220
206	221
206	223
206	226
206	228
206	229
206	232
1378	1379
1145	1146
1145	1147
1145	1149
51	1380
51	52
51	53
348	349
348	350
348	351
348	352
348	353
348	354
348	355
348	356
207	208
207	940
207	212
207	213
207	214
207	215
207	219
207	220
207	303
207	223
207	498
207	176
207	228
207	229
207	232
132	290
132	133
132	134
132	135
132	136
132	137
132	138
132	301
132	139
132	140
132	141
132	142
132	143
874	875
874	876
874	877
874	154
874	878
874	879
874	880
874	881
874	882
874	1004
45	965
807	384
807	1191
807	114
807	612
807	812
807	499
419	421
419	1381
419	422
419	423
419	424
419	425
419	426
419	427
419	428
419	429
419	431
419	432
419	433
756	757
756	758
756	759
756	760
1382	1238
1383	975
714	591
714	715
714	716
714	717
1384	1385
1384	1386
663	664
663	666
663	361
663	675
663	677
663	679
663	680
663	683
663	686
1387	843
1387	1192
875	876
875	877
875	154
875	878
875	879
875	880
875	881
875	882
1388	1389
1388	1390
1388	1391
1388	1392
1388	1393
799	800
699	1394
420	421
420	422
420	423
420	424
420	651
420	425
420	426
420	427
420	428
420	429
420	430
420	431
420	433
1237	1238
1237	484
1237	852
1237	1099
327	328
327	329
327	330
327	331
327	332
327	333
327	334
327	336
327	337
327	338
1146	1147
1146	1113
1146	1149
930	931
930	851
930	932
930	933
930	852
930	853
930	935
930	854
930	936
930	937
1395	1396
1395	1315
1395	1397
1395	1398
1399	1115
1400	55
1097	1099
1097	1401
1402	1403
894	895
894	896
894	182
894	898
894	643
894	830
894	900
894	901
894	122
894	406
894	902
1404	1331
539	447
539	541
539	542
539	545
539	546
539	547
539	451
539	548
539	712
539	550
349	350
349	351
349	352
349	353
349	354
349	355
349	356
786	1405
786	787
1406	1407
1406	1408
540	544
540	1105
540	711
540	546
540	547
540	549
860	743
860	792
860	744
860	745
860	862
860	473
860	863
860	793
860	746
860	795
860	797
75	76
75	78
75	79
75	80
75	81
75	82
75	83
75	84
1409	1061
13	14
13	1410
13	1004
289	290
289	291
289	385
289	113
289	386
289	292
289	293
289	114
289	115
289	294
289	117
289	296
289	298
289	387
289	300
289	301
289	174
289	302
289	866
289	303
289	175
289	304
289	121
289	307
289	308
289	122
289	176
289	309
289	310
289	124
289	494
289	311
1411	1412
421	422
421	423
421	424
421	425
421	426
421	427
421	428
421	429
421	430
421	431
421	499
421	432
421	433
1413	1414
383	114
383	115
383	294
383	387
383	302
383	823
383	175
383	121
383	307
383	176
383	1371
1313	1415
1313	1416
1313	1417
791	792
791	793
791	794
791	795
791	796
791	797
912	913
912	914
931	851
931	932
931	933
931	852
931	853
931	352
931	353
931	935
931	854
931	936
931	937
290	291
290	385
290	113
290	292
290	293
290	114
290	115
290	116
290	294
290	136
290	117
290	295
290	296
290	300
290	301
290	174
290	302
290	866
290	303
290	175
290	304
290	121
290	308
290	122
290	176
290	1418
290	309
290	310
290	124
290	494
384	114
384	115
384	116
384	117
384	612
384	812
384	176
384	309
384	391
553	640
553	113
553	116
553	294
553	117
553	218
553	303
553	389
553	304
553	901
553	308
553	122
553	176
553	309
553	406
553	124
553	311
553	1004
1419	1420
1419	1421
1419	1422
1419	1423
957	1424
1238	484
1238	1098
1238	1099
66	68
66	1425
1426	1427
851	932
851	933
851	852
851	853
851	934
851	935
851	854
851	936
851	937
435	291
435	298
1121	30
625	1055
447	448
447	449
447	543
447	450
447	451
447	452
447	453
447	454
447	455
447	456
447	457
447	458
640	951
640	895
640	896
640	829
640	490
640	641
640	952
640	117
640	953
640	898
640	954
640	955
640	642
640	222
640	175
640	389
640	643
640	644
640	830
640	900
640	645
640	492
640	308
640	122
640	941
640	646
640	226
640	227
640	406
640	391
640	647
640	902
861	743
861	744
861	745
861	862
861	473
861	863
861	793
861	746
861	797
448	449
448	543
448	450
448	451
448	452
448	453
448	454
448	455
448	456
448	457
448	458
92	93
92	94
14	16
14	1428
876	877
876	154
876	878
876	1429
876	879
876	880
876	881
876	882
1430	822
877	878
877	879
877	880
877	881
877	882
1431	1432
1433	895
1433	896
1433	898
1433	900
1433	901
1433	406
608	609
608	610
608	260
608	261
608	611
608	510
608	612
608	613
951	895
951	896
951	829
951	641
951	952
951	117
951	953
951	955
951	642
951	389
951	643
951	644
951	830
951	492
951	308
951	122
951	941
951	646
951	227
951	406
951	391
951	124
951	647
951	902
1060	295
1060	822
1060	390
1183	27
1183	1184
1183	29
1183	1185
1183	1186
1183	563
541	27
541	542
541	547
541	29
541	548
541	1186
541	190
541	550
541	563
1434	1435
833	834
833	836
515	516
515	517
515	518
515	519
159	134
159	160
159	161
1436	1154
1436	1437
1277	780
291	292
291	293
291	114
291	115
291	294
291	296
291	298
291	1021
291	300
291	301
291	174
291	302
291	303
291	175
291	304
291	305
291	306
291	867
291	307
291	308
291	122
1438	679
1438	680
1438	681
1438	684
1438	686
1439	1140
616	333
616	336
616	337
616	338
208	209
208	886
208	210
208	211
208	116
208	212
208	213
208	214
208	215
208	216
208	217
208	219
208	220
208	221
208	887
208	223
208	176
208	225
208	228
208	229
208	231
208	232
1440	76
163	166
76	609
76	258
76	508
76	78
76	1347
76	79
76	80
76	260
76	261
76	509
76	510
76	81
76	612
76	82
76	511
76	83
76	264
76	512
76	265
76	84
76	85
76	266
76	86
76	267
76	513
397	398
397	1094
397	399
397	400
397	401
808	809
808	992
808	810
808	811
145	1441
145	146
842	843
842	708
1442	1443
1389	1390
1389	1392
1389	1393
814	1444
1445	491
1445	1446
209	210
209	211
209	213
209	214
209	215
209	216
209	220
209	228
209	229
209	231
209	232
895	896
895	490
895	641
895	952
895	953
895	898
895	642
895	389
895	643
895	644
895	830
895	900
895	901
895	492
895	308
895	122
895	941
895	646
895	406
895	647
895	902
932	933
932	852
932	853
932	934
932	352
932	935
932	854
932	936
932	937
385	171
385	113
385	386
385	292
385	940
385	293
385	114
385	865
385	115
385	116
385	294
385	117
385	295
385	296
385	822
385	216
385	172
385	300
385	301
385	174
385	302
385	866
385	303
385	175
385	389
385	304
385	223
385	121
385	306
385	224
385	645
385	308
385	122
385	176
385	309
385	226
385	310
385	124
385	311
385	696
1447	1448
171	172
171	173
171	866
171	1136
584	585
584	586
113	386
113	292
113	293
113	114
113	115
113	116
113	294
113	117
113	295
113	296
113	387
113	300
113	301
113	174
113	302
113	866
113	303
113	175
113	389
113	643
113	644
113	304
113	223
113	121
113	306
113	307
113	493
113	308
113	122
113	176
113	499
113	309
113	310
113	869
113	124
113	494
113	311
113	902
664	666
664	361
664	675
664	677
664	679
664	680
664	683
664	686
1449	1450
1451	1452
1451	1453
1454	1259
1454	593
776	34
776	1455
776	777
776	183
776	1329
776	778
776	779
776	780
776	781
1456	1398
609	610
609	260
609	261
609	611
609	510
609	81
609	612
609	613
609	614
609	513
734	735
734	736
734	737
734	738
571	573
571	574
386	292
386	293
386	114
386	865
386	211
386	115
386	116
386	294
386	117
386	295
386	218
386	1267
386	1088
386	174
386	302
386	175
386	304
386	223
386	121
386	308
386	122
386	176
386	499
386	309
386	500
386	310
386	124
1381	428
1041	1042
1041	1043
933	852
933	1099
933	853
933	934
933	352
933	935
933	854
933	936
933	937
1036	1037
1036	1038
34	562
34	35
34	36
34	37
34	38
34	39
34	40
34	563
422	423
422	424
422	425
422	426
422	427
422	652
422	428
422	429
422	430
422	431
422	432
422	433
1355	1356
585	586
1457	1458
374	375
374	1194
1222	1223
579	580
1459	1320
1459	1270
743	471
743	744
743	745
743	862
743	473
743	863
743	793
743	746
743	748
743	190
743	797
292	293
292	114
292	115
292	116
292	294
292	117
292	295
292	296
292	216
292	387
292	300
292	301
292	1088
292	174
292	302
292	866
292	303
292	175
292	389
292	304
292	305
292	223
292	121
292	306
292	645
292	492
292	493
292	308
292	122
292	176
292	499
292	941
292	309
292	391
292	869
292	124
292	311
1028	1120
1028	1460
1028	1030
1461	1462
1250	1251
1250	1252
1463	362
1464	1465
1259	593
1466	1467
313	314
313	315
945	81
945	511
945	83
945	85
98	99
98	100
1468	401
350	351
350	352
350	353
350	354
350	355
350	356
1396	1315
1469	1470
1469	1471
665	669
665	670
665	671
665	672
665	674
665	676
665	678
665	680
665	685
665	686
665	687
1405	787
1385	1386
1472	1473
940	389
981	1474
1320	1270
1320	1271
1020	1475
1048	1051
1048	1052
1476	1477
1420	1421
1420	1422
328	329
328	330
328	331
328	332
328	333
328	334
328	335
328	336
328	337
328	338
328	340
1095	748
1478	1479
886	210
886	214
886	217
886	219
886	220
1480	1481
1067	1068
1410	115
1410	388
27	919
27	28
27	731
27	920
27	29
27	1185
27	921
27	922
27	1186
27	683
27	30
27	563
965	726
965	1482
1483	1484
1483	1485
210	211
210	213
210	214
210	215
210	216
210	217
210	219
210	220
210	221
210	223
210	226
210	228
210	229
210	231
210	232
1120	1030
470	1242
470	1486
258	78
258	260
258	261
258	262
258	264
258	265
258	266
258	267
1487	1488
1191	1489
1191	709
1191	812
666	361
666	675
666	677
666	679
666	680
666	683
666	686
1490	1140
667	668
667	671
667	673
667	679
667	681
667	682
667	684
667	685
667	686
1421	1422
1421	1423
1491	1492
1452	1453
164	153
164	165
164	166
792	793
792	794
792	795
792	796
792	683
792	797
293	114
293	115
293	294
293	117
293	295
293	296
293	297
293	298
293	387
293	300
293	301
293	174
293	302
293	866
293	303
293	175
293	304
293	305
293	121
293	306
293	867
293	307
293	308
293	122
293	176
293	499
293	868
293	309
293	310
293	124
293	494
293	311
1229	1230
1229	1231
1229	1232
1147	1148
1147	1149
1493	1407
1493	1408
114	865
114	211
114	115
114	116
114	294
114	117
114	295
114	296
114	297
114	822
114	216
114	387
114	300
114	301
114	1267
114	174
114	302
114	388
114	612
114	303
114	823
114	175
114	304
114	305
114	121
114	308
114	812
114	122
114	176
114	499
114	309
114	500
114	391
114	1494
114	124
865	115
865	294
865	174
865	866
865	121
865	122
865	176
865	1077
508	78
508	80
508	260
508	81
508	511
508	83
508	265
508	946
508	84
508	85
508	266
508	267
1495	1496
1495	1497
211	115
211	116
211	212
211	213
211	214
211	215
211	216
211	217
211	219
211	220
211	221
211	887
211	223
211	224
211	1498
211	176
211	225
211	942
211	226
211	228
211	229
211	230
211	231
211	232
1499	317
1000	1001
526	1129
526	1130
526	119
526	120
526	1131
526	528
259	78
259	261
259	263
259	264
259	265
259	267
626	1054
1500	1213
1500	1501
1010	1011
1010	1012
1010	1502
1450	1503
77	79
77	80
77	82
77	84
77	86
1504	1505
668	671
668	673
668	679
668	680
668	681
668	682
668	684
668	685
668	686
735	736
735	737
735	738
1506	1507
555	556
555	557
555	559
1508	1338
1148	1149
834	835
834	836
484	1006
484	1113
1184	29
1184	1185
1184	1186
1184	563
1509	266
133	134
133	135
133	136
133	137
133	138
133	139
133	140
133	141
133	143
423	424
423	425
423	426
423	427
423	652
423	428
423	429
423	430
423	431
423	499
423	432
423	433
1510	1511
1198	1512
99	100
424	425
424	426
424	427
424	652
424	428
424	429
424	430
424	431
424	432
424	433
115	116
115	294
115	117
115	295
115	296
115	216
115	298
115	387
115	300
115	301
115	174
115	302
115	220
115	388
115	866
115	303
115	823
115	175
115	304
115	305
115	223
115	121
115	306
115	867
115	307
115	308
115	122
115	176
115	499
115	309
115	310
115	391
115	494
115	230
115	1004
591	715
591	716
591	717
591	1170
718	237
116	117
116	295
116	297
116	822
116	215
116	216
116	218
116	300
116	173
116	174
116	302
116	220
116	388
116	221
116	222
116	175
116	389
116	304
116	223
116	121
116	390
116	493
116	308
116	122
116	176
116	499
116	309
116	226
116	500
116	310
116	391
116	124
116	229
116	494
116	232
651	432
651	433
593	596
896	490
896	641
896	117
896	953
896	1021
896	642
896	389
896	643
896	644
896	830
896	900
896	901
896	492
896	122
896	941
896	646
896	406
896	391
896	124
896	647
896	311
896	902
610	260
610	261
610	611
610	510
610	81
610	612
610	512
610	513
736	737
736	738
1213	389
1213	644
1213	1501
1213	227
134	135
134	136
134	160
134	137
134	138
134	301
134	139
134	140
134	141
134	142
134	161
134	143
398	1094
398	399
398	400
398	401
1353	1361
1353	1004
1513	1514
1029	1098
1029	898
1029	1239
314	315
1072	1073
1072	1124
1011	1012
1515	1516
135	136
135	137
135	138
135	140
135	141
135	143
843	1192
843	708
843	710
843	1194
1517	1518
1519	1520
627	1054
15	16
15	17
15	1521
1455	1522
1455	1523
1455	779
1455	1524
1455	780
1098	1099
1098	677
1098	684
1525	57
969	970
969	971
969	972
969	973
1415	1416
1415	1526
1415	1417
1470	1471
1372	840
749	121
749	701
749	230
669	670
669	671
669	672
669	674
669	676
669	678
669	680
669	685
669	686
669	687
852	853
852	934
852	352
852	935
852	854
852	936
852	937
1527	1528
1192	1529
425	426
425	427
425	428
425	429
425	430
425	431
425	499
425	432
425	433
329	330
329	331
329	332
329	333
329	334
329	335
329	336
329	337
329	338
829	490
829	641
829	117
829	953
829	295
829	1530
829	954
829	642
829	389
829	643
829	644
829	492
829	308
829	122
829	941
829	646
829	406
829	391
829	647
78	79
78	80
78	260
78	261
78	509
78	510
78	81
78	612
78	82
78	511
78	83
78	264
78	512
78	265
78	84
78	85
78	266
78	86
78	267
78	513
294	117
294	295
294	296
294	298
294	387
294	1021
294	300
294	301
294	1267
294	174
294	302
294	866
294	303
294	175
294	304
294	305
294	223
294	121
294	306
294	867
294	307
294	308
294	122
294	176
294	309
294	869
294	124
294	494
294	311
1006	708
1006	1531
1532	598
375	1194
1283	1523
1339	1218
1339	1533
1339	1219
1339	1534
1535	812
1536	1537
1538	612
1538	613
471	745
471	473
471	793
471	184
471	746
471	748
471	190
136	137
136	138
136	139
136	140
136	141
136	143
330	331
330	332
330	333
330	334
330	335
330	336
330	337
330	338
744	745
744	862
744	473
744	863
744	793
744	746
744	797
1174	1175
1174	1539
1347	509
670	671
670	672
670	674
670	676
670	678
670	679
670	680
670	685
670	686
670	687
1129	1130
1129	1131
1129	528
1540	1484
1540	1541
1407	1408
182	1542
182	1543
182	185
182	1544
1489	1194
212	213
212	214
212	215
212	216
212	219
212	220
212	221
212	223
212	176
212	228
212	232
757	758
757	759
757	760
1545	1546
1496	1497
490	641
490	117
490	953
490	295
490	954
490	389
490	643
490	644
490	830
490	901
490	492
490	308
490	122
490	176
490	941
490	1418
490	406
490	391
490	124
490	902
331	332
331	333
331	334
331	335
331	336
331	337
331	338
331	340
1547	1548
516	517
516	518
516	519
641	952
641	117
641	953
641	898
641	954
641	642
641	222
641	389
641	643
641	644
641	830
641	492
641	308
641	122
641	941
641	646
641	227
641	406
641	391
641	124
641	647
641	902
1549	1550
213	214
213	215
213	216
213	217
213	219
213	220
213	223
213	228
213	229
213	231
213	232
472	189
472	1242
472	474
472	475
1551	16
1551	17
952	953
952	955
952	642
952	175
952	389
952	643
952	644
952	492
952	122
952	941
952	646
952	227
952	406
952	647
79	80
79	260
79	509
79	81
79	82
79	511
79	83
79	84
79	85
79	86
117	953
117	295
117	296
117	1530
117	172
117	300
117	301
117	174
117	302
117	866
117	303
117	175
117	389
117	643
117	644
117	304
117	491
117	223
117	121
117	306
117	645
117	492
117	493
117	308
117	122
117	176
117	941
117	646
117	309
117	226
117	227
117	310
117	406
117	391
117	124
117	647
117	494
117	311
117	902
953	295
953	955
953	642
953	389
953	643
953	644
953	830
953	645
953	492
953	308
953	122
953	941
953	646
953	1418
953	406
953	391
953	124
953	647
953	902
1168	1169
160	161
1552	1553
904	1554
295	296
295	1530
295	298
295	387
295	172
295	301
295	174
295	302
295	303
295	222
295	175
295	389
295	643
295	304
295	305
295	223
295	121
295	306
295	307
295	645
295	492
295	493
295	308
295	122
295	176
295	499
295	941
295	1418
295	309
295	310
295	406
295	391
295	124
295	494
745	862
745	473
745	863
745	793
745	746
745	190
745	797
1555	1556
708	16
708	710
919	920
919	921
919	922
919	683
919	30
542	545
542	546
542	547
542	548
542	550
449	543
449	450
449	451
449	452
449	453
449	454
449	455
449	456
449	457
449	458
897	899
897	901
897	308
897	406
296	297
296	1099
296	298
296	387
296	300
296	301
296	174
296	302
296	866
296	303
296	175
296	304
296	305
296	491
296	223
296	121
296	306
296	308
296	122
296	176
296	868
296	309
296	310
296	124
296	494
296	311
633	1557
28	1122
28	29
28	30
1094	401
898	1099
898	1239
898	643
898	900
898	901
898	677
898	406
137	138
137	139
137	140
137	141
137	143
80	260
80	509
80	81
80	612
80	82
80	511
80	83
80	84
80	85
80	86
399	400
399	401
214	215
214	216
214	217
214	219
214	220
214	221
214	223
214	225
214	226
214	228
214	229
214	230
214	1558
214	231
214	232
1559	358
1560	1561
260	261
260	611
260	510
260	81
260	612
260	82
260	511
260	83
260	264
260	512
260	265
260	84
260	85
260	266
260	267
260	513
7	8
7	9
7	10
297	301
297	174
297	302
297	175
297	304
297	491
297	308
297	122
297	176
297	309
297	124
297	311
573	574
1416	1526
1416	1417
822	216
822	222
822	389
822	1061
822	390
822	122
822	226
1562	1563
1099	1239
1099	677
215	216
215	217
215	219
215	220
215	221
215	223
215	176
215	225
215	942
215	226
215	228
215	229
215	231
215	232
118	119
118	120
118	527
118	123
118	125
1530	645
1530	492
1530	391
216	217
216	219
216	301
216	220
216	221
216	222
216	389
216	887
216	223
216	1498
216	176
216	942
216	226
216	228
216	229
216	231
216	232
1230	1231
1230	1232
1012	1564
1012	1223
1441	146
1565	1501
217	219
217	220
217	221
217	887
217	223
217	228
217	229
217	231
217	232
1566	1567
1568	565
1568	566
16	709
16	710
16	1194
16	17
16	391
1264	1569
1264	1115
700	305
1217	1219
1217	1220
1570	1571
261	611
261	510
261	81
261	612
261	511
261	83
261	264
261	512
261	265
261	613
261	85
261	614
261	266
261	267
261	513
954	642
954	389
954	643
954	644
954	492
954	308
954	122
954	941
954	226
954	227
954	406
954	647
138	301
138	139
138	140
138	141
138	143
1572	387
298	300
298	301
298	174
298	302
298	303
298	175
298	304
298	305
298	121
298	867
298	1189
298	307
298	308
298	122
1130	1131
1130	528
693	694
693	695
611	510
611	612
332	333
332	334
332	335
332	336
332	337
332	338
862	473
862	863
862	793
862	746
862	797
899	901
899	308
899	122
899	406
899	311
1484	1541
152	153
152	154
1573	234
387	300
387	301
387	174
387	302
387	303
387	175
387	304
387	223
387	121
387	306
387	1189
387	308
387	310
387	494
387	311
299	303
153	1370
153	154
153	1574
153	1575
153	613
473	863
473	793
473	746
473	190
473	797
565	566
218	1088
218	388
218	303
218	701
218	812
218	1576
218	176
218	309
218	311
737	738
1577	1369
716	717
1390	1391
1390	1392
1390	1393
730	731
730	29
1578	1579
8	9
8	10
1361	1004
731	29
731	30
1021	300
1021	308
1021	122
1580	780
219	220
219	223
219	228
219	229
219	231
219	232
1581	1582
777	778
777	779
777	780
777	781
853	934
853	935
853	854
853	936
853	937
1075	1076
1075	1583
509	81
509	612
509	84
509	85
509	266
509	86
479	480
596	599
596	1584
596	600
1049	1050
1049	1052
172	173
172	302
172	389
172	121
172	391
172	124
1585	1586
333	334
333	335
333	336
333	337
333	338
333	339
333	340
1218	1219
1218	1220
300	301
300	174
300	302
300	303
300	175
300	304
300	305
300	121
300	306
300	307
300	308
300	122
300	176
300	309
300	310
300	124
300	494
57	1367
301	174
301	302
301	139
301	866
301	303
301	175
301	389
301	304
301	305
301	223
301	121
301	306
301	307
301	645
301	308
301	122
301	176
301	309
301	310
301	391
301	124
301	494
301	311
955	1587
955	642
955	175
955	389
955	644
955	492
955	308
955	122
955	941
955	406
955	391
955	1494
955	124
955	647
955	1588
543	450
543	451
543	452
543	453
543	454
543	455
543	1186
543	456
543	457
543	458
1589	336
1589	338
361	362
361	675
361	677
361	680
361	686
1590	1591
544	1105
544	711
544	546
544	547
544	549
1267	174
1267	176
1267	499
334	335
334	336
334	337
334	885
334	338
1088	176
165	166
1122	30
510	81
510	612
510	511
510	83
510	85
510	266
510	267
510	513
81	612
81	82
81	511
81	83
81	512
81	265
81	946
81	84
81	85
81	266
81	86
81	267
173	812
173	122
173	124
809	992
809	810
809	811
174	302
174	866
174	303
174	175
174	389
174	304
174	305
174	223
174	121
174	306
174	307
174	493
174	308
174	122
174	176
174	499
174	309
174	226
174	310
174	124
174	494
174	311
517	518
517	519
183	189
183	474
183	778
183	779
183	780
183	781
1298	1299
1298	1300
1298	1301
302	866
302	303
302	175
302	389
302	643
302	644
302	304
302	305
302	491
302	121
302	306
302	307
302	645
302	493
302	308
302	122
302	176
302	499
302	868
302	309
302	310
302	406
302	869
302	124
302	494
302	311
758	759
758	760
351	352
351	353
351	354
351	355
351	356
1231	1232
59	60
1105	711
1105	547
621	622
705	706
970	971
970	972
970	973
46	47
884	683
1304	1050
1304	1052
1592	1239
863	793
863	746
863	797
711	546
711	547
711	549
1239	677
335	336
335	337
335	338
335	339
335	340
1042	1043
793	184
793	746
793	794
793	795
793	796
793	683
793	797
1593	1594
642	222
642	389
642	643
642	644
642	830
642	492
642	308
642	122
642	941
642	646
642	227
642	406
642	647
642	902
139	141
139	1136
184	1595
184	190
184	696
562	35
562	36
562	37
562	38
562	39
562	563
1444	556
1444	557
1193	710
746	190
746	797
220	221
220	887
220	223
220	176
220	225
220	226
220	228
220	229
220	230
220	231
220	232
1596	1597
450	451
450	452
450	453
450	454
450	455
450	456
450	457
450	458
388	176
388	1004
1251	1252
612	511
612	154
612	1050
612	812
612	84
612	613
612	1052
612	85
221	222
221	887
221	223
221	224
221	176
221	226
221	228
221	229
221	231
221	232
866	303
866	175
866	304
866	121
866	306
866	308
866	122
866	176
866	499
866	310
866	869
866	124
866	311
1598	303
119	120
119	527
119	499
119	123
119	500
119	125
426	427
426	428
426	429
426	431
426	432
426	433
1556	1599
1329	779
1329	780
709	710
709	1600
709	1601
427	428
427	429
427	430
427	431
427	433
934	935
934	854
934	936
934	937
1602	1195
336	337
336	338
303	175
303	304
303	305
303	223
303	121
303	306
303	867
303	307
303	308
303	122
303	176
303	309
303	124
303	494
82	83
82	84
82	86
759	760
545	547
545	548
545	712
545	550
546	547
546	549
546	550
222	389
222	644
222	223
222	645
222	492
222	941
222	646
222	226
222	228
823	121
9	10
547	548
547	549
547	550
511	83
511	265
511	946
511	84
511	85
511	266
511	267
175	389
175	643
175	304
175	305
175	121
175	306
175	867
175	307
175	645
175	492
175	308
175	122
175	176
175	499
175	941
175	868
175	309
175	310
175	406
175	391
175	124
175	494
175	311
35	36
35	37
35	38
35	39
35	40
263	264
263	266
263	267
83	1603
83	512
83	946
83	84
83	85
83	266
83	86
83	267
389	643
389	644
389	304
389	830
389	223
389	390
389	645
389	492
389	493
389	308
389	122
389	176
389	941
389	646
389	1418
389	309
389	226
389	227
389	406
389	391
389	124
389	647
389	494
389	902
1604	710
1370	154
1370	1575
120	527
120	499
120	123
120	125
1391	1392
1391	1393
352	353
352	935
352	354
352	854
352	936
352	355
352	356
352	937
643	644
643	830
643	900
643	901
643	645
643	492
643	308
643	122
643	941
643	646
643	227
643	406
643	391
643	647
643	311
643	902
992	810
337	338
337	339
337	340
337	499
1164	1165
1465	1605
908	451
189	474
189	475
1242	474
1242	475
913	914
1606	1356
1299	1300
1299	1301
1607	1564
1607	1223
1300	1301
1569	1115
1608	914
920	921
920	922
920	683
920	30
644	830
644	645
644	492
644	308
644	122
644	941
644	646
644	1418
644	227
644	406
644	391
644	124
644	647
644	494
644	902
304	305
304	121
304	306
304	1189
304	307
304	493
304	308
304	122
304	176
304	499
304	309
304	310
304	869
304	124
304	494
304	311
304	1077
887	228
887	231
887	232
1543	1544
305	121
305	306
305	307
305	308
305	122
305	176
305	309
305	310
305	1494
305	697
36	37
36	38
36	39
36	40
36	563
1609	1610
1584	600
29	1185
29	1186
29	30
29	563
830	900
830	492
830	308
830	122
830	941
830	646
830	406
830	647
830	902
491	308
491	122
671	672
671	673
671	674
671	676
671	678
671	679
671	680
671	681
671	682
671	684
671	685
671	686
671	687
1235	1236
223	121
223	122
223	176
223	942
223	309
223	226
223	500
223	310
223	228
223	124
223	229
223	231
223	232
1185	1186
1185	563
428	429
428	431
428	432
428	433
810	811
264	265
264	266
264	267
672	674
672	676
672	678
672	679
672	680
672	685
672	686
672	687
400	401
121	306
121	307
121	308
121	122
121	176
121	309
121	310
121	391
121	124
900	901
900	122
900	406
900	902
154	878
154	879
154	880
154	881
154	882
154	1574
154	1575
154	613
701	1576
701	225
701	750
701	230
921	922
921	30
93	94
140	141
140	142
140	143
878	1429
878	879
878	880
878	881
878	882
451	452
451	453
451	454
451	455
451	456
451	457
451	458
1611	1612
527	123
527	125
673	679
673	680
673	681
673	682
673	684
673	685
673	686
1050	1052
338	339
338	340
1219	1220
518	519
770	771
1037	1038
52	53
556	557
556	558
556	559
306	493
306	308
306	122
306	176
306	499
306	941
306	309
306	310
306	391
306	311
429	430
429	431
429	499
429	432
429	433
390	226
141	143
37	38
37	39
37	40
37	563
674	676
674	678
674	679
674	680
674	685
674	686
674	687
452	453
452	454
452	455
452	456
452	457
452	458
794	795
794	796
794	683
794	797
1429	879
1429	880
1429	881
430	431
430	433
1591	1613
901	308
901	122
901	406
901	391
901	311
901	902
1397	1398
38	39
38	40
38	563
675	677
675	679
675	680
675	683
675	686
224	229
879	880
879	881
879	882
353	354
353	355
353	356
1189	308
307	308
307	122
307	176
307	310
645	492
645	308
645	122
645	941
645	646
645	309
645	226
645	227
645	391
645	124
453	454
453	455
453	456
453	457
453	458
474	475
1614	1615
492	308
492	122
492	941
492	646
492	309
492	226
492	227
492	406
492	391
492	124
492	647
710	1194
557	558
557	559
1051	1052
493	308
493	122
493	941
493	869
493	124
308	122
308	176
308	941
308	309
308	227
308	310
308	406
308	391
308	869
308	124
308	647
308	494
308	311
308	902
308	697
454	455
454	456
454	457
454	458
812	1616
880	881
880	882
778	779
778	780
778	781
548	712
548	550
881	882
1600	1601
1617	68
779	780
780	781
122	176
122	941
122	646
122	309
122	226
122	227
122	310
122	406
122	391
122	869
122	124
122	647
122	494
122	311
122	902
122	1004
1422	1423
1498	231
176	942
176	309
176	226
176	500
176	310
176	228
176	391
176	124
176	229
176	494
176	311
176	232
4	5
676	678
676	679
676	680
676	748
676	190
676	685
676	686
676	687
935	854
935	936
935	937
1280	1281
1194	677
1356	30
922	683
922	30
225	226
225	228
225	230
677	679
677	680
677	683
677	684
677	1025
677	686
1618	797
354	355
354	356
431	432
431	433
512	85
512	267
512	513
455	456
455	457
455	458
499	123
499	500
499	310
499	433
499	311
499	125
941	646
941	227
941	406
941	391
941	647
941	902
678	679
678	680
678	685
678	686
678	687
679	680
679	681
679	682
679	684
679	685
679	686
679	687
680	681
680	682
680	683
680	684
680	685
680	686
680	687
1186	563
694	695
854	936
854	937
1131	528
936	937
1367	1234
646	227
646	406
646	391
646	124
646	647
795	796
795	797
1418	391
748	190
265	85
265	266
265	267
942	228
942	231
309	310
309	124
309	494
1054	1055
681	682
681	684
681	685
681	686
682	684
682	685
682	686
123	125
355	356
1619	1620
549	550
226	227
226	228
226	391
226	229
226	230
226	232
432	433
796	797
1398	1621
456	457
456	458
227	406
227	124
227	647
17	1521
1564	1223
1392	1393
310	124
406	391
406	124
406	647
406	311
406	902
406	1077
228	229
228	230
228	231
228	232
683	30
683	686
391	124
391	647
391	311
391	902
391	1077
39	40
39	563
869	311
84	85
84	86
613	1052
124	647
124	494
750	230
971	972
971	973
647	902
85	266
85	86
85	267
229	1558
229	231
229	232
494	1077
972	973
311	902
1526	1417
230	232
684	685
684	686
457	458
266	86
266	267
685	686
685	687
231	232
267	513
686	687
