0	0
1	1
2	2
3	3
4	4
5	5
6	6
7	7
8	8
9	9
10	10
11	11
12	12
13	13
14	14
15	15
16	16
17	17
18	18
19	19
20	20
21	21
22	22
23	23
24	24
25	25
26	26
27	27
28	28
29	29
30	30
31	31
32	32
33	33
34	34
35	35
36	36
37	37
38	38
39	39
40	40
41	41
42	42
43	43
44	44
45	45
46	46
47	47
48	48
49	49
50	50
51	51
52	52
53	53
54	54
55	55
56	56
57	57
58	58
59	59
60	60
61	61
62	62
63	63
64	64
65	65
66	66
67	67
68	68
69	69
70	70
71	71
72	72
73	73
74	74
75	75
76	76
77	77
78	78
79	79
80	80
81	81
82	82
83	83
84	84
85	85
86	86
87	87
88	88
89	89
90	90
91	91
92	92
93	93
94	94
95	95
96	96
97	97
98	98
99	99
100	100
101	101
102	102
103	103
104	104
105	105
106	106
107	107
108	108
109	109
110	110
111	111
112	112
113	113
114	114
115	115
116	116
117	117
118	118
119	119
120	120
121	121
122	122
123	123
124	124
125	125
126	126
127	127
128	128
129	129
130	130
131	131
132	132
133	133
134	134
135	135
136	136
137	137
138	138
139	139
140	140
141	141
142	142
143	143
144	144
145	145
146	146
147	147
148	148
149	149
150	150
151	151
152	152
153	153
154	154
155	155
156	156
157	157
158	158
159	159
160	160
161	161
162	162
163	163
164	164
165	165
166	166
167	169
168	170
169	171
170	172
171	173
172	174
173	175
174	176
175	177
176	178
177	179
178	180
179	181
180	182
181	183
182	184
183	187
184	188
185	189
186	190
187	191
188	192
189	193
190	194
191	195
192	196
193	197
194	199
195	200
196	201
197	202
198	203
199	204
200	205
201	206
202	209
203	210
204	211
205	212
206	213
207	214
208	215
209	216
210	217
211	218
212	219
213	220
214	221
215	222
216	223
217	224
218	225
219	226
220	227
221	228
222	229
223	230
224	231
225	232
226	233
227	234
228	235
229	236
230	237
231	238
232	239
233	240
234	241
235	242
236	243
237	244
238	245
239	246
240	247
241	248
242	249
243	250
244	251
245	252
246	253
247	254
248	255
249	256
250	257
251	258
252	259
253	260
254	261
255	262
256	263
257	264
258	265
259	266
260	269
261	270
262	272
263	273
264	274
265	275
266	276
267	277
268	278
269	279
270	280
271	281
272	282
273	283
274	284
275	285
276	286
277	287
278	288
279	289
280	290
281	293
282	294
283	295
284	296
285	297
286	298
287	299
288	300
289	301
290	302
291	303
292	304
293	305
294	306
295	307
296	308
297	309
298	310
299	311
300	312
301	313
302	314
303	315
304	316
305	317
306	318
307	319
308	320
309	321
310	322
311	323
312	324
313	325
314	326
315	327
316	328
317	329
318	330
319	331
320	332
321	333
322	334
323	335
324	336
325	337
326	338
327	339
328	340
329	341
330	342
331	343
332	344
333	345
334	346
335	347
336	348
337	349
338	350
339	351
340	352
341	353
342	354
343	355
344	356
345	357
346	358
347	359
348	360
349	361
350	364
351	365
352	366
353	367
354	368
355	369
356	370
357	371
358	372
359	373
360	374
361	375
362	376
363	377
364	378
365	379
366	380
367	381
368	382
369	383
370	384
371	385
372	386
373	387
374	388
375	389
376	390
377	391
378	392
379	393
380	394
381	395
382	396
383	397
384	398
385	399
386	400
387	401
388	402
389	403
390	404
391	405
392	406
393	407
394	408
395	409
396	410
397	411
398	412
399	413
400	414
401	415
402	416
403	417
404	418
405	419
406	420
407	421
408	422
409	423
410	426
411	427
412	428
413	429
414	430
415	431
416	432
417	433
418	434
419	435
420	436
421	437
422	438
423	439
424	440
425	441
426	442
427	443
428	444
429	445
430	446
431	447
432	448
433	449
434	450
435	451
436	454
437	455
438	456
439	457
440	458
441	459
442	460
443	461
444	462
445	463
446	464
447	465
448	466
449	467
450	468
451	469
452	470
453	471
454	472
455	473
456	474
457	475
458	476
459	477
460	478
461	479
462	480
463	481
464	482
465	483
466	484
467	485
468	486
469	487
470	488
471	489
472	490
473	491
474	492
475	493
476	494
477	495
478	496
479	497
480	498
481	499
482	500
483	501
484	502
485	503
486	504
487	505
488	506
489	507
490	508
491	509
492	510
493	511
494	512
495	513
496	514
497	515
498	516
499	517
500	518
501	519
502	520
503	521
504	522
505	523
506	524
507	525
508	526
509	527
510	528
511	529
512	530
513	531
514	532
515	533
516	534
517	535
518	536
519	537
520	538
521	539
522	540
523	541
524	542
525	543
526	544
527	545
528	546
529	547
530	548
531	549
532	550
533	551
534	554
535	555
536	556
537	557
538	558
539	559
540	560
541	561
542	562
543	563
544	564
545	565
546	566
547	567
548	568
549	569
550	570
551	571
552	572
553	573
554	574
555	575
556	576
557	577
558	578
559	579
560	580
561	581
562	582
563	583
564	584
565	585
566	586
567	587
568	588
569	589
570	590
571	591
572	592
573	593
574	594
575	595
576	596
577	597
578	598
579	599
580	600
581	601
582	602
583	603
584	604
585	605
586	606
587	607
588	608
589	609
590	610
591	613
592	614
593	615
594	616
595	617
596	618
597	619
598	620
599	621
600	622
601	623
602	624
603	625
604	626
605	627
606	628
607	629
608	630
609	631
610	632
611	633
612	634
613	635
614	636
615	637
616	638
617	639
618	640
619	641
620	642
621	643
622	644
623	645
624	646
625	648
626	649
627	650
628	651
629	652
630	653
631	654
632	655
633	656
634	657
635	658
636	659
637	660
638	661
639	662
640	663
641	664
642	665
643	666
644	667
645	668
646	669
647	670
648	673
649	674
650	675
651	676
652	677
653	678
654	679
655	682
656	683
657	684
658	687
659	688
660	689
661	690
662	691
663	692
664	693
665	694
666	695
667	696
668	697
669	698
670	699
671	700
672	701
673	702
674	703
675	704
676	705
677	706
678	707
679	708
680	709
681	710
682	711
683	712
684	713
685	714
686	715
687	716
688	717
689	718
690	719
691	720
692	721
693	722
694	723
695	726
696	727
697	728
698	729
699	730
700	731
701	732
702	733
703	734
704	735
705	736
706	737
707	738
708	739
709	740
710	741
711	742
712	743
713	744
714	745
715	746
716	747
717	748
718	749
719	750
720	751
721	752
722	753
723	754
724	755
725	756
726	757
727	758
728	759
729	760
730	761
731	762
732	763
733	764
734	765
735	766
736	767
737	768
738	769
739	770
740	771
741	772
742	773
743	774
744	775
745	776
746	777
747	778
748	779
749	780
750	781
751	782
752	783
753	784
754	785
755	786
756	787
757	788
758	789
759	790
760	791
761	792
762	793
763	794
764	795
765	796
766	797
767	798
768	799
769	800
770	801
771	802
772	803
773	804
774	805
775	806
776	807
777	808
778	809
779	810
780	811
781	812
782	813
783	814
784	815
785	816
786	817
787	818
788	819
789	820
790	821
791	822
792	823
793	824
794	825
795	826
796	827
797	828
798	829
799	830
800	831
801	832
802	833
803	834
804	835
805	836
806	837
807	838
808	839
809	840
810	841
811	842
812	843
813	844
814	845
815	846
816	847
817	848
818	849
819	850
820	851
821	854
822	855
823	856
824	857
825	858
826	859
827	860
828	861
829	862
830	863
831	864
832	865
833	866
834	867
835	869
836	870
837	871
838	872
839	873
840	874
841	875
842	876
843	877
844	878
845	879
846	880
847	881
848	882
849	883
850	884
851	885
852	886
853	887
854	888
855	889
856	890
857	891
858	892
859	893
860	894
861	895
862	896
863	897
864	898
865	899
866	900
867	901
868	902
869	903
870	904
871	905
872	906
873	907
874	908
875	909
876	910
877	911
878	912
879	913
880	914
881	915
882	916
883	917
884	918
885	919
886	920
887	921
888	922
889	923
890	924
891	925
892	926
893	927
894	928
895	929
896	930
897	931
898	932
899	933
900	934
901	935
902	936
903	937
904	938
905	939
906	940
907	941
908	942
909	943
910	944
911	945
912	946
913	947
914	948
915	949
916	950
917	951
918	952
919	953
920	954
921	955
922	956
923	957
924	958
925	959
926	960
927	961
928	962
929	963
930	965
931	966
932	967
933	968
934	969
935	970
936	971
937	972
938	973
939	974
940	975
941	976
942	977
943	978
944	979
945	980
946	981
947	982
948	983
949	984
950	985
951	986
952	989
953	990
954	991
955	992
956	993
957	994
958	995
959	996
960	997
961	998
962	999
963	1000
964	1001
965	1002
966	1003
967	1004
968	1005
969	1006
970	1007
971	1008
972	1009
973	1010
974	1011
975	1012
976	1013
977	1014
978	1015
979	1016
980	1017
981	1018
982	1019
983	1020
984	1021
985	1022
986	1023
987	1024
988	1025
989	1026
990	1027
991	1028
992	1029
993	1030
994	1031
995	1032
996	1033
997	1034
998	1035
999	1036
1000	1037
1001	1038
1002	1039
1003	1040
1004	1041
1005	1042
1006	1043
1007	1044
1008	1045
1009	1046
1010	1047
1011	1048
1012	1049
1013	1050
1014	1051
1015	1052
1016	1053
1017	1054
1018	1055
1019	1056
1020	1057
1021	1058
1022	1059
1023	1060
1024	1062
1025	1063
1026	1064
1027	1065
1028	1066
1029	1067
1030	1068
1031	1069
1032	1070
1033	1071
1034	1072
1035	1073
1036	1074
1037	1075
1038	1076
1039	1077
1040	1078
1041	1079
1042	1080
1043	1081
1044	1082
1045	1083
1046	1084
1047	1085
1048	1086
1049	1087
1050	1088
1051	1089
1052	1090
1053	1091
1054	1092
1055	1093
1056	1094
1057	1095
1058	1096
1059	1097
1060	1098
1061	1099
1062	1100
1063	1101
1064	1102
1065	1103
1066	1104
1067	1105
1068	1106
1069	1107
1070	1108
1071	1109
1072	1110
1073	1111
1074	1112
1075	1113
1076	1114
1077	1115
1078	1116
1079	1117
1080	1118
1081	1119
1082	1120
1083	1121
1084	1122
1085	1123
1086	1124
1087	1125
1088	1126
1089	1127
1090	1128
1091	1129
1092	1130
1093	1131
1094	1132
1095	1133
1096	1134
1097	1135
1098	1136
1099	1137
1100	1138
1101	1139
1102	1140
1103	1141
1104	1142
1105	1143
1106	1144
1107	1145
1108	1146
1109	1147
1110	1148
1111	1149
1112	1150
1113	1151
1114	1152
1115	1153
1116	1154
1117	1155
1118	1156
1119	1157
1120	1158
1121	1159
1122	1160
1123	1161
1124	1162
1125	1163
1126	1164
1127	1165
1128	1166
1129	1167
1130	1168
1131	1169
1132	1170
1133	1171
1134	1172
1135	1173
1136	1174
1137	1175
1138	1176
1139	1177
1140	1178
1141	1179
1142	1180
1143	1181
1144	1182
1145	1183
1146	1184
1147	1185
1148	1186
1149	1187
1150	1188
1151	1189
1152	1190
1153	1191
1154	1192
1155	1193
1156	1194
1157	1195
1158	1196
1159	1197
1160	1198
1161	1199
1162	1200
1163	1201
1164	1202
1165	1203
1166	1204
1167	1205
1168	1206
1169	1207
1170	1208
1171	1209
1172	1210
1173	1211
1174	1212
1175	1213
1176	1214
1177	1215
1178	1216
1179	1217
1180	1218
1181	1219
1182	1220
1183	1221
1184	1222
1185	1223
1186	1224
1187	1225
1188	1226
1189	1227
1190	1230
1191	1231
1192	1232
1193	1233
1194	1234
1195	1235
1196	1236
1197	1237
1198	1238
1199	1239
1200	1240
1201	1241
1202	1242
1203	1243
1204	1244
1205	1245
1206	1246
1207	1247
1208	1248
1209	1249
1210	1250
1211	1251
1212	1252
1213	1253
1214	1254
1215	1255
1216	1256
1217	1257
1218	1258
1219	1259
1220	1260
1221	1261
1222	1262
1223	1263
1224	1264
1225	1265
1226	1266
1227	1267
1228	1268
1229	1269
1230	1270
1231	1273
1232	1274
1233	1275
1234	1276
1235	1277
1236	1278
1237	1279
1238	1280
1239	1281
1240	1282
1241	1283
1242	1284
1243	1285
1244	1286
1245	1287
1246	1288
1247	1289
1248	1290
1249	1291
1250	1292
1251	1293
1252	1294
1253	1295
1254	1296
1255	1297
1256	1298
1257	1299
1258	1300
1259	1301
1260	1302
1261	1303
1262	1304
1263	1305
1264	1306
1265	1307
1266	1308
1267	1309
1268	1310
1269	1311
1270	1312
1271	1313
1272	1314
1273	1315
1274	1316
1275	1317
1276	1318
1277	1319
1278	1320
1279	1321
1280	1322
1281	1323
1282	1324
1283	1325
1284	1326
1285	1327
1286	1328
1287	1329
1288	1330
1289	1331
1290	1332
1291	1333
1292	1334
1293	1335
1294	1338
1295	1339
1296	1340
1297	1341
1298	1342
1299	1343
1300	1344
1301	1345
1302	1346
1303	1347
1304	1348
1305	1349
1306	1350
1307	1351
1308	1352
1309	1353
1310	1354
1311	1355
1312	1356
1313	1357
1314	1358
1315	1359
1316	1360
1317	1361
1318	1362
1319	1363
1320	1366
1321	1367
1322	1368
1323	1369
1324	1370
1325	1371
1326	1372
1327	1373
1328	1374
1329	1375
1330	1376
1331	1377
1332	1378
1333	1379
1334	1380
1335	1381
1336	1382
1337	1383
1338	1384
1339	1385
1340	1386
1341	1387
1342	1388
1343	1389
1344	1390
1345	1391
1346	1392
1347	1393
1348	1394
1349	1395
1350	1396
1351	1397
1352	1398
1353	1399
1354	1400
1355	1401
1356	1402
1357	1403
1358	1404
1359	1405
1360	1406
1361	1407
1362	1408
1363	1409
1364	1410
1365	1411
1366	1412
1367	1413
1368	1414
1369	1415
1370	1416
1371	1417
1372	1418
1373	1419
1374	1420
1375	1421
1376	1422
1377	1423
1378	1424
1379	1425
1380	1426
1381	1427
1382	1428
1383	1429
1384	1430
1385	1431
1386	1432
1387	1433
1388	1434
1389	1435
1390	1436
1391	1437
1392	1438
1393	1441
1394	1442
1395	1443
1396	1444
1397	1445
1398	1446
1399	1447
1400	1450
1401	1451
1402	1454
1403	1455
1404	1456
1405	1457
1406	1458
1407	1460
1408	1461
1409	1462
1410	1463
1411	1464
1412	1465
1413	1466
1414	1467
1415	1468
1416	1469
1417	1470
1418	1471
1419	1472
1420	1473
1421	1474
1422	1475
1423	1476
1424	1477
1425	1478
1426	1479
1427	1482
1428	1483
1429	1484
1430	1485
1431	1486
1432	1487
1433	1488
1434	1489
1435	1490
1436	1491
1437	1492
1438	1493
1439	1494
1440	1495
1441	1496
1442	1497
1443	1498
1444	1499
1445	1500
1446	1501
1447	1502
1448	1503
1449	1504
1450	1506
1451	1507
1452	1508
1453	1509
1454	1510
1455	1511
1456	1512
1457	1513
1458	1514
1459	1515
1460	1516
1461	1517
1462	1518
1463	1519
1464	1520
1465	1521
1466	1522
1467	1523
1468	1524
1469	1525
1470	1526
1471	1527
1472	1528
1473	1529
1474	1530
1475	1531
1476	1532
1477	1533
1478	1534
1479	1535
1480	1536
1481	1537
1482	1538
1483	1539
1484	1542
1485	1543
1486	1544
1487	1545
1488	1546
1489	1547
1490	1548
1491	1549
1492	1550
1493	1551
1494	1552
1495	1553
1496	1554
1497	1555
1498	1556
1499	1557
1500	1558
1501	1559
1502	1560
1503	1561
1504	1562
1505	1563
1506	1564
1507	1565
1508	1566
1509	1567
1510	1568
1511	1569
1512	1570
1513	1571
1514	1572
1515	1573
1516	1574
1517	1575
1518	1576
1519	1577
1520	1578
1521	1579
1522	1580
1523	1581
1524	1582
1525	1583
1526	1584
1527	1585
1528	1586
1529	1587
1530	1588
1531	1589
1532	1590
1533	1591
1534	1592
1535	1593
1536	1594
1537	1595
1538	1596
1539	1597
1540	1598
1541	1599
1542	1600
1543	1601
1544	1602
1545	1603
1546	1604
1547	1605
1548	1606
1549	1609
1550	1610
1551	1611
1552	1612
1553	1613
1554	1614
1555	1615
1556	1616
1557	1617
1558	1618
1559	1619
1560	1620
1561	1621
1562	1622
1563	1623
1564	1624
1565	1625
1566	1626
1567	1627
1568	1628
1569	1629
1570	1630
1571	1631
1572	1632
1573	1633
1574	1634
1575	1635
1576	1636
1577	1637
1578	1638
1579	1639
1580	1640
1581	1641
1582	1642
1583	1643
1584	1644
1585	1645
1586	1646
1587	1647
1588	1648
1589	1649
1590	1650
1591	1653
1592	1654
1593	1655
1594	1658
1595	1659
1596	1660
1597	1661
1598	1662
1599	1663
1600	1664
1601	1665
1602	1666
1603	1667
1604	1668
1605	1669
1606	1670
1607	1671
1608	1672
1609	1673
1610	1674
1611	1675
1612	1676
1613	1678
1614	1679
1615	1680
1616	1681
1617	1682
1618	1683
1619	1684
1620	1685
1621	1686
1622	1687
1623	1688
1624	1689
1625	1690
1626	1691
1627	1692
1628	1693
1629	1694
1630	1696
1631	1697
1632	1698
1633	1699
1634	1700
1635	1701
1636	1702
1637	1703
1638	1704
1639	1705
1640	1706
1641	1707
1642	1708
1643	1709
1644	1710
1645	1711
1646	1712
1647	1713
1648	1714
1649	1715
1650	1716
1651	1717
1652	1718
1653	1719
1654	1720
1655	1721
1656	1722
1657	1723
1658	1724
1659	1725
1660	1726
1661	1727
1662	1728
1663	1729
1664	1730
1665	1731
1666	1732
1667	1733
1668	1734
1669	1735
1670	1736
1671	1737
1672	1738
1673	1739
1674	1740
1675	1741
1676	1742
1677	1743
1678	1744
1679	1745
1680	1746
1681	1747
1682	1748
1683	1749
1684	1750
1685	1751
1686	1752
1687	1753
1688	1754
1689	1755
1690	1756
1691	1757
1692	1758
1693	1759
1694	1760
1695	1761
1696	1762
1697	1763
1698	1764
1699	1765
1700	1766
1701	1767
1702	1768
1703	1769
1704	1770
1705	1771
1706	1772
1707	1773
1708	1774
1709	1775
1710	1776
1711	1777
1712	1778
1713	1779
1714	1780
1715	1781
1716	1782
1717	1783
1718	1784
1719	1785
1720	1786
1721	1787
1722	1788
1723	1789
1724	1790
1725	1791
1726	1792
1727	1793
1728	1794
1729	1795
1730	1796
1731	1797
1732	1798
1733	1799
1734	1800
1735	1801
1736	1802
1737	1803
1738	1804
1739	1805
1740	1806
1741	1807
1742	1808
1743	1809
1744	1810
1745	1811
1746	1812
1747	1813
1748	1814
1749	1815
1750	1816
1751	1817
1752	1818
1753	1819
1754	1820
1755	1821
1756	1822
1757	1823
1758	1824
1759	1825
1760	1826
1761	1827
1762	1828
1763	1829
1764	1830
1765	1831
1766	1832
1767	1833
1768	1834
1769	1835
1770	1836
1771	1837
1772	1838
1773	1839
1774	1840
1775	1841
1776	1842
1777	1843
1778	1844
1779	1845
1780	1846
1781	1847
1782	1848
1783	1849
1784	1850
1785	1851
1786	1852
1787	1853
1788	1854
1789	1855
1790	1856
1791	1857
1792	1858
1793	1859
1794	1860
1795	1861
1796	1862
1797	1863
1798	1864
1799	1865
1800	1866
1801	1867
1802	1868
1803	1869
1804	1870
1805	1871
1806	1874
1807	1875
1808	1876
1809	1877
1810	1878
1811	1879
1812	1880
1813	1881
1814	1882
1815	1883
1816	1884
1817	1885
1818	1886
1819	1887
1820	1888
1821	1889
1822	1890
1823	1891
1824	1894
1825	1895
1826	1896
1827	1897
1828	1898
1829	1899
1830	1900
1831	1901
1832	1902
1833	1903
1834	1904
1835	1905
1836	1906
1837	1907
1838	1908
1839	1909
1840	1910
1841	1911
1842	1912
1843	1913
1844	1914
1845	1915
1846	1916
1847	1917
1848	1918
1849	1919
1850	1920
1851	1921
1852	1922
1853	1923
1854	1924
1855	1925
1856	1926
1857	1927
1858	1928
1859	1929
1860	1930
1861	1931
1862	1932
1863	1933
1864	1934
1865	1935
1866	1936
1867	1937
1868	1938
1869	1939
1870	1940
1871	1941
1872	1942
1873	1943
1874	1944
1875	1945
1876	1946
1877	1947
1878	1948
1879	1949
1880	1950
1881	1951
1882	1952
1883	1953
1884	1954
1885	1955
1886	1956
1887	1957
1888	1959
1889	1960
1890	1961
1891	1962
1892	1963
1893	1964
1894	1965
1895	1966
1896	1969
1897	1970
1898	1971
1899	1972
1900	1973
1901	1974
1902	1975
1903	1976
1904	1977
1905	1978
1906	1979
1907	1980
1908	1981
1909	1982
1910	1983
1911	1984
1912	1985
1913	1986
1914	1987
1915	1988
1916	1989
1917	1990
1918	1991
1919	1992
1920	1993
1921	1994
1922	1995
1923	1996
1924	1997
1925	1998
1926	1999
1927	2000
1928	2001
1929	2002
1930	2003
1931	2004
1932	2005
1933	2006
1934	2007
1935	2008
1936	2009
1937	2010
1938	2011
1939	2012
1940	2013
1941	2014
1942	2015
1943	2016
1944	2017
1945	2018
1946	2019
1947	2020
1948	2021
1949	2022
1950	2023
1951	2026
1952	2027
1953	2028
1954	2029
1955	2030
1956	2031
1957	2034
1958	2035
1959	2036
1960	2037
1961	2038
1962	2039
1963	2040
1964	2041
1965	2042
1966	2043
1967	2044
1968	2045
1969	2046
1970	2047
1971	2048
1972	2049
1973	2050
1974	2051
1975	2052
1976	2053
1977	2054
1978	2055
1979	2056
1980	2057
1981	2058
1982	2059
1983	2060
1984	2061
1985	2062
1986	2063
1987	2064
1988	2065
1989	2066
1990	2067
1991	2068
1992	2069
1993	2070
1994	2071
1995	2072
1996	2073
1997	2074
1998	2075
1999	2076
2000	2077
2001	2078
2002	2079
2003	2080
2004	2081
2005	2082
2006	2083
2007	2084
2008	2085
2009	2086
2010	2087
2011	2088
2012	2089
2013	2090
2014	2091
2015	2092
2016	2093
2017	2094
2018	2095
2019	2096
2020	2097
2021	2098
2022	2099
2023	2100
2024	2101
2025	2102
2026	2103
2027	2104
2028	2105
2029	2106
2030	2107
2031	2108
2032	2109
2033	2110
2034	2111
2035	2112
2036	2113
2037	2114
2038	2115
2039	2116
2040	2117
2041	2118
2042	2119
2043	2120
2044	2121
2045	2122
2046	2123
2047	2124
2048	2125
2049	2126
2050	2127
2051	2128
2052	2129
2053	2130
2054	2131
2055	2132
2056	2133
2057	2134
2058	2135
2059	2136
2060	2137
2061	2138
2062	2139
2063	2140
2064	2141
2065	2142
2066	2143
2067	2144
2068	2145
2069	2146
2070	2147
2071	2150
2072	2151
2073	2152
2074	2153
2075	2154
2076	2155
2077	2156
2078	2157
2079	2158
2080	2159
2081	2160
2082	2161
2083	2162
2084	2163
2085	2164
2086	2165
2087	2168
2088	2169
2089	2170
2090	2171
2091	2172
2092	2173
2093	2174
2094	2175
2095	2176
2096	2177
2097	2178
2098	2179
2099	2180
2100	2181
2101	2182
2102	2183
2103	2186
2104	2187
2105	2188
2106	2189
2107	2190
2108	2191
2109	2192
2110	2193
2111	2194
2112	2195
2113	2196
2114	2197
2115	2198
2116	2199
2117	2200
2118	2201
2119	2202
2120	2203
2121	2204
2122	2205
2123	2206
2124	2207
2125	2209
2126	2210
2127	2211
2128	2212
2129	2215
2130	2216
2131	2217
2132	2218
2133	2219
2134	2220
2135	2221
2136	2222
2137	2223
2138	2224
2139	2225
2140	2226
2141	2227
2142	2228
2143	2229
2144	2230
2145	2233
2146	2234
2147	2235
2148	2236
2149	2237
2150	2238
2151	2239
2152	2240
2153	2241
2154	2242
2155	2243
2156	2244
2157	2245
2158	2246
2159	2247
2160	2248
2161	2249
2162	2250
2163	2251
2164	2252
2165	2253
2166	2254
2167	2255
2168	2256
2169	2257
2170	2258
2171	2259
2172	2260
2173	2261
2174	2262
2175	2263
2176	2264
2177	2265
2178	2266
2179	2267
2180	2268
2181	2269
2182	2270
2183	2271
2184	2272
2185	2273
2186	2274
2187	2275
2188	2276
2189	2277
2190	2278
2191	2279
2192	2280
2193	2281
2194	2282
2195	2283
2196	2284
2197	2285
2198	2286
2199	2287
2200	2288
2201	2289
2202	2290
2203	2291
2204	2292
2205	2293
2206	2294
2207	2295
2208	2296
2209	2297
2210	2298
2211	2299
2212	2300
2213	2301
2214	2302
2215	2303
2216	2304
2217	2305
2218	2306
2219	2307
2220	2308
2221	2309
2222	2310
2223	2311
2224	2312
2225	2313
2226	2314
2227	2315
2228	2316
2229	2317
2230	2318
2231	2319
2232	2320
2233	2321
2234	2322
2235	2323
2236	2324
2237	2325
2238	2326
2239	2327
2240	2328
2241	2329
2242	2330
2243	2331
2244	2332
2245	2333
2246	2334
2247	2335
2248	2336
2249	2337
2250	2338
2251	2339
2252	2340
2253	2341
2254	2342
2255	2343
2256	2344
2257	2345
2258	2346
2259	2347
2260	2348
2261	2349
2262	2350
2263	2351
2264	2352
2265	2353
2266	2354
2267	2355
2268	2356
2269	2357
2270	2358
2271	2359
2272	2360
2273	2361
2274	2362
2275	2363
2276	2364
2277	2365
2278	2366
2279	2367
2280	2368
2281	2369
2282	2370
2283	2371
2284	2372
2285	2373
2286	2374
2287	2375
2288	2376
2289	2377
2290	2378
2291	2379
2292	2380
2293	2381
2294	2382
2295	2383
2296	2384
2297	2385
2298	2386
2299	2387
2300	2388
2301	2389
2302	2390
2303	2391
2304	2392
2305	2393
2306	2394
2307	2395
2308	2396
2309	2397
2310	2398
2311	2399
2312	2400
2313	2401
2314	2402
2315	2403
2316	2404
2317	2405
2318	2406
2319	2407
2320	2408
2321	2409
2322	2410
2323	2411
2324	2412
2325	2413
2326	2414
2327	2415
2328	2416
2329	2417
2330	2418
2331	2419
2332	2420
2333	2421
2334	2422
2335	2423
2336	2424
2337	2425
2338	2426
2339	2427
2340	2428
2341	2429
2342	2430
2343	2431
2344	2432
2345	2433
2346	2434
2347	2435
2348	2436
2349	2437
2350	2438
2351	2439
2352	2440
2353	2441
2354	2442
2355	2443
2356	2444
2357	2445
2358	2446
2359	2447
2360	2448
2361	2449
2362	2450
2363	2451
2364	2452
2365	2453
2366	2454
2367	2455
2368	2456
2369	2457
2370	2458
2371	2459
2372	2460
2373	2461
2374	2462
2375	2463
2376	2464
2377	2465
2378	2466
2379	2467
2380	2468
2381	2469
2382	2470
2383	2471
2384	2472
2385	2473
2386	2474
2387	2475
2388	2476
2389	2477
2390	2478
2391	2479
2392	2480
2393	2481
2394	2482
2395	2483
2396	2484
2397	2485
2398	2486
2399	2487
2400	2488
2401	2489
2402	2490
2403	2491
2404	2492
2405	2493
2406	2494
2407	2495
2408	2496
2409	2497
2410	2498
2411	2499
2412	2500
2413	2501
2414	2502
2415	2503
2416	2504
2417	2505
2418	2506
2419	2507
2420	2508
2421	2509
2422	2510
2423	2511
2424	2512
2425	2513
2426	2514
2427	2515
2428	2516
