0	1
1	4
1	14
1	177
1	254
1	705
1	774
1	1400
1	1539
1	2141
2	3
2	964
4	433
5	6
5	14
5	15
5	16
5	32
5	52
5	143
5	156
5	179
5	463
5	603
5	606
6	14
6	32
6	34
6	42
6	144
6	156
6	195
6	306
6	364
7	8
7	386
7	549
8	14
8	362
8	1216
9	10
9	14
9	178
10	11
10	14
10	151
10	252
10	363
10	381
10	382
10	602
11	14
11	203
11	233
11	363
11	486
11	1272
11	1283
11	1445
12	13
13	14
13	31
13	162
13	178
14	15
14	16
14	18
14	19
14	20
14	21
14	22
14	23
14	24
14	25
14	26
14	27
14	28
14	30
14	31
14	32
14	33
14	39
14	40
14	42
14	44
14	45
14	49
14	50
14	53
14	58
14	60
14	62
14	63
14	64
14	68
14	71
14	72
14	73
14	74
14	75
14	76
14	78
14	79
14	80
14	81
14	82
14	85
14	87
14	96
14	99
14	101
14	106
14	108
14	114
14	117
14	118
14	119
14	123
14	124
14	125
14	129
14	132
14	134
14	140
14	145
14	146
14	147
14	148
14	149
14	150
14	156
14	157
14	161
14	162
14	164
14	165
14	167
14	168
14	169
14	170
14	171
14	173
14	174
14	176
14	180
14	182
14	183
14	185
14	186
14	190
14	195
14	196
14	197
14	199
14	201
14	203
14	204
14	207
14	209
14	213
14	215
14	217
14	219
14	221
14	223
14	224
14	225
14	226
14	227
14	228
14	230
14	232
14	234
14	235
14	236
14	238
14	239
14	242
14	243
14	244
14	246
14	247
14	248
14	249
14	250
14	251
14	253
14	259
14	261
14	267
14	268
14	269
14	270
14	272
14	273
14	274
14	279
14	281
14	282
14	284
14	285
14	288
14	291
14	292
14	293
14	295
14	296
14	298
14	300
14	301
14	305
14	306
14	307
14	311
14	312
14	314
14	316
14	319
14	321
14	322
14	326
14	327
14	329
14	330
14	331
14	333
14	335
14	336
14	337
14	338
14	340
14	341
14	343
14	344
14	345
14	347
14	348
14	349
14	352
14	353
14	354
14	355
14	356
14	364
14	366
14	367
14	368
14	369
14	370
14	371
14	372
14	373
14	375
14	377
14	378
14	379
14	382
14	383
14	384
14	385
14	386
14	388
14	391
14	393
14	395
14	397
14	398
14	399
14	401
14	402
14	406
14	407
14	408
14	409
14	411
14	413
14	414
14	415
14	419
14	421
14	422
14	423
14	424
14	425
14	426
14	430
14	431
14	432
14	435
14	438
14	441
14	442
14	444
14	445
14	447
14	449
14	450
14	454
14	455
14	456
14	457
14	459
14	464
14	465
14	467
14	472
14	473
14	476
14	480
14	481
14	484
14	486
14	487
14	488
14	489
14	490
14	491
14	493
14	494
14	495
14	497
14	502
14	504
14	506
14	507
14	508
14	509
14	511
14	512
14	514
14	517
14	519
14	520
14	523
14	524
14	525
14	526
14	531
14	532
14	533
14	534
14	541
14	543
14	545
14	546
14	548
14	549
14	550
14	551
14	552
14	554
14	557
14	558
14	563
14	565
14	566
14	567
14	568
14	570
14	571
14	573
14	574
14	576
14	577
14	580
14	582
14	583
14	584
14	586
14	588
14	590
14	591
14	592
14	593
14	595
14	599
14	600
14	604
14	606
14	612
14	613
14	615
14	616
14	619
14	620
14	622
14	625
14	626
14	627
14	628
14	630
14	632
14	633
14	634
14	635
14	636
14	638
14	639
14	644
14	645
14	646
14	647
14	649
14	650
14	651
14	652
14	653
14	654
14	655
14	656
14	660
14	665
14	666
14	667
14	668
14	669
14	670
14	671
14	673
14	674
14	675
14	676
14	677
14	678
14	679
14	680
14	682
14	683
14	686
14	687
14	688
14	689
14	690
14	693
14	695
14	696
14	698
14	699
14	700
14	701
14	702
14	704
14	706
14	707
14	708
14	710
14	711
14	712
14	713
14	714
14	717
14	718
14	719
14	720
14	721
14	723
14	724
14	725
14	727
14	728
14	729
14	730
14	731
14	732
14	736
14	739
14	740
14	742
14	743
14	744
14	750
14	751
14	752
14	754
14	756
14	760
14	768
14	772
14	773
14	774
14	775
14	776
14	777
14	780
14	783
14	785
14	790
14	791
14	793
14	794
14	796
14	797
14	799
14	802
14	804
14	805
14	807
14	809
14	810
14	811
14	813
14	815
14	816
14	823
14	824
14	825
14	829
14	830
14	831
14	832
14	833
14	834
14	837
14	838
14	839
14	843
14	846
14	850
14	851
14	853
14	856
14	865
14	866
14	870
14	871
14	872
14	873
14	875
14	877
14	880
14	883
14	884
14	887
14	888
14	891
14	895
14	903
14	905
14	915
14	917
14	918
14	920
14	924
14	928
14	932
14	935
14	937
14	938
14	940
14	941
14	946
14	947
14	948
14	949
14	954
14	955
14	956
14	957
14	958
14	959
14	961
14	962
14	964
14	969
14	970
14	976
14	979
14	981
14	992
14	996
14	998
14	999
14	1001
14	1003
14	1004
14	1007
14	1009
14	1010
14	1012
14	1017
14	1018
14	1019
14	1021
14	1022
14	1029
14	1034
14	1036
14	1039
14	1041
14	1043
14	1045
14	1046
14	1047
14	1048
14	1050
14	1052
14	1058
14	1062
14	1063
14	1064
14	1065
14	1066
14	1067
14	1068
14	1070
14	1073
14	1074
14	1080
14	1082
14	1085
14	1086
14	1087
14	1088
14	1091
14	1094
14	1095
14	1096
14	1097
14	1098
14	1099
14	1102
14	1105
14	1108
14	1110
14	1113
14	1114
14	1115
14	1116
14	1121
14	1123
14	1124
14	1125
14	1126
14	1127
14	1128
14	1129
14	1133
14	1135
14	1139
14	1141
14	1145
14	1147
14	1149
14	1151
14	1152
14	1153
14	1154
14	1155
14	1157
14	1158
14	1159
14	1161
14	1162
14	1163
14	1166
14	1170
14	1171
14	1172
14	1173
14	1179
14	1180
14	1181
14	1185
14	1188
14	1190
14	1191
14	1192
14	1194
14	1202
14	1203
14	1204
14	1209
14	1212
14	1215
14	1216
14	1217
14	1219
14	1224
14	1230
14	1231
14	1235
14	1236
14	1238
14	1239
14	1240
14	1243
14	1244
14	1245
14	1247
14	1250
14	1251
14	1253
14	1256
14	1260
14	1261
14	1262
14	1266
14	1267
14	1271
14	1275
14	1276
14	1277
14	1278
14	1279
14	1280
14	1282
14	1285
14	1286
14	1288
14	1289
14	1293
14	1295
14	1299
14	1301
14	1302
14	1304
14	1305
14	1306
14	1307
14	1308
14	1309
14	1310
14	1311
14	1312
14	1313
14	1314
14	1318
14	1320
14	1322
14	1326
14	1327
14	1328
14	1330
14	1333
14	1336
14	1337
14	1339
14	1341
14	1342
14	1345
14	1347
14	1350
14	1351
14	1352
14	1356
14	1358
14	1359
14	1360
14	1362
14	1365
14	1370
14	1373
14	1374
14	1378
14	1379
14	1384
14	1385
14	1390
14	1396
14	1402
14	1404
14	1407
14	1409
14	1412
14	1422
14	1423
14	1424
14	1425
14	1426
14	1427
14	1429
14	1430
14	1431
14	1432
14	1433
14	1436
14	1437
14	1446
14	1449
14	1451
14	1454
14	1455
14	1459
14	1460
14	1461
14	1465
14	1474
14	1475
14	1478
14	1479
14	1480
14	1482
14	1483
14	1485
14	1486
14	1488
14	1491
14	1493
14	1499
14	1503
14	1505
14	1506
14	1507
14	1509
14	1514
14	1522
14	1525
14	1526
14	1533
14	1537
14	1538
14	1540
14	1543
14	1546
14	1547
14	1548
14	1551
14	1552
14	1553
14	1554
14	1555
14	1556
14	1557
14	1558
14	1559
14	1566
14	1568
14	1573
14	1574
14	1575
14	1576
14	1577
14	1579
14	1581
14	1584
14	1585
14	1588
14	1590
14	1591
14	1592
14	1593
14	1594
14	1605
14	1612
14	1614
14	1615
14	1616
14	1617
14	1618
14	1619
14	1622
14	1627
14	1629
14	1630
14	1636
14	1638
14	1641
14	1642
14	1644
14	1646
14	1649
14	1652
14	1653
14	1655
14	1659
14	1660
14	1663
14	1664
14	1665
14	1670
14	1671
14	1672
14	1676
14	1678
14	1679
14	1681
14	1682
14	1683
14	1686
14	1687
14	1688
14	1689
14	1690
14	1691
14	1692
14	1693
14	1694
14	1695
14	1696
14	1697
14	1698
14	1699
14	1700
14	1701
14	1702
14	1703
14	1704
14	1705
14	1707
14	1708
14	1709
14	1710
14	1711
14	1712
14	1713
14	1715
14	1716
14	1717
14	1719
14	1720
14	1721
14	1723
14	1724
14	1725
14	1726
14	1728
14	1730
14	1733
14	1734
14	1736
14	1737
14	1738
14	1743
14	1744
14	1747
14	1749
14	1750
14	1751
14	1752
14	1753
14	1756
14	1758
14	1759
14	1761
14	1763
14	1764
14	1765
14	1766
14	1768
14	1769
14	1771
14	1773
14	1774
14	1775
14	1777
14	1778
14	1783
14	1784
14	1792
14	1793
14	1794
14	1795
14	1796
14	1799
14	1801
14	1805
14	1808
14	1809
14	1810
14	1812
14	1819
14	1822
14	1824
14	1825
14	1828
14	1829
14	1830
14	1832
14	1833
14	1835
14	1836
14	1837
14	1838
14	1840
14	1841
14	1842
14	1850
14	1851
14	1855
14	1856
14	1857
14	1861
14	1863
14	1865
14	1866
14	1869
14	1875
14	1877
14	1878
14	1880
14	1881
14	1882
14	1883
14	1886
14	1889
14	1893
14	1894
14	1895
14	1897
14	1898
14	1899
14	1900
14	1905
14	1906
14	1909
14	1910
14	1911
14	1913
14	1914
14	1915
14	1919
14	1920
14	1924
14	1926
14	1927
14	1929
14	1935
14	1938
14	1940
14	1942
14	1943
14	1947
14	1949
14	1952
14	1953
14	1954
14	1955
14	1956
14	1957
14	1959
14	1961
14	1983
14	1984
14	1988
14	1989
14	1990
14	1993
14	1995
14	1996
14	1997
14	1998
14	2001
14	2003
14	2004
14	2006
14	2007
14	2008
14	2012
14	2013
14	2014
14	2030
14	2033
14	2036
14	2037
14	2040
14	2041
14	2042
14	2043
14	2048
14	2049
14	2052
14	2065
14	2067
14	2069
14	2071
14	2072
14	2076
14	2077
14	2084
14	2085
14	2086
14	2087
14	2088
14	2089
14	2091
14	2094
14	2095
14	2097
14	2098
14	2100
14	2101
14	2102
14	2104
14	2106
14	2109
14	2111
14	2112
14	2113
14	2115
14	2116
14	2117
14	2118
14	2121
14	2122
14	2123
14	2124
14	2125
14	2126
14	2127
14	2128
14	2130
14	2131
14	2132
14	2133
14	2134
14	2136
14	2139
14	2141
14	2146
14	2153
14	2154
14	2163
14	2165
14	2166
14	2168
14	2174
14	2178
14	2179
14	2187
14	2200
14	2223
14	2248
14	2249
14	2250
14	2251
14	2252
14	2253
14	2254
14	2255
14	2256
14	2273
14	2285
14	2286
14	2289
14	2290
14	2291
14	2292
14	2306
14	2354
14	2355
14	2356
14	2357
14	2358
14	2359
14	2360
14	2361
14	2362
14	2363
14	2364
14	2365
14	2366
14	2367
14	2368
14	2369
14	2370
14	2371
14	2372
14	2373
14	2374
14	2375
14	2376
14	2377
14	2378
14	2379
14	2380
14	2381
14	2382
14	2383
14	2390
14	2393
14	2420
14	2421
15	16
15	32
15	52
15	143
15	179
15	603
15	606
15	607
15	1088
15	2141
16	490
16	606
16	935
16	1886
17	18
17	40
18	22
18	23
18	27
18	28
18	31
18	44
18	56
18	73
18	74
18	94
18	118
18	138
18	150
18	176
18	202
18	264
18	350
18	379
18	383
18	596
18	851
18	1611
18	2155
18	2279
19	20
19	21
19	22
19	23
19	24
19	26
19	29
19	30
19	33
19	34
19	35
19	36
19	37
19	40
19	46
19	47
19	48
19	50
19	248
19	316
20	21
20	22
20	23
20	24
20	26
20	29
20	30
20	34
20	35
20	36
20	37
20	46
20	47
20	48
20	248
20	316
20	809
21	22
21	23
21	25
21	30
22	23
22	27
22	31
22	40
22	49
22	50
22	75
22	86
22	94
22	131
22	138
22	180
22	245
22	388
22	851
22	900
22	901
22	902
22	903
22	904
22	905
22	906
22	907
22	908
22	909
22	1612
22	2260
22	2278
22	2279
23	24
23	25
23	27
23	30
23	33
23	38
23	39
23	53
23	56
23	62
23	75
23	76
23	77
23	131
23	383
23	609
23	2273
24	28
24	31
24	35
24	44
24	57
24	60
24	65
24	73
24	74
24	75
24	96
24	121
24	200
24	224
24	258
24	268
24	397
24	503
24	507
24	526
24	548
24	586
24	608
24	642
24	649
24	678
24	834
24	839
24	902
24	953
24	954
24	978
24	1065
24	1119
24	1193
24	1220
24	1229
24	1235
24	1334
24	1376
24	1377
24	1378
24	1379
24	1380
24	1381
24	1382
24	1383
24	1384
24	1385
24	1386
24	1387
24	1388
24	1709
24	1744
24	1785
24	1807
24	1872
24	1922
24	1930
24	1931
24	1932
24	1933
24	1934
24	1935
25	26
25	30
25	33
25	34
25	60
25	62
25	63
25	69
25	95
25	251
25	745
25	1266
25	1546
26	32
26	34
26	41
26	45
26	78
26	144
26	394
26	463
26	2141
27	28
27	31
27	44
27	49
27	118
27	124
27	138
27	887
27	920
30	31
30	61
30	85
30	87
30	96
30	97
30	98
30	99
30	1646
31	38
31	39
31	40
31	109
31	138
31	178
31	1284
31	2264
32	33
32	34
32	45
32	52
32	68
32	85
32	96
32	102
32	103
32	104
32	105
32	106
32	107
32	108
32	131
32	144
32	272
32	463
32	869
33	50
33	58
33	66
33	70
33	85
33	110
33	111
33	112
33	113
33	114
33	115
33	116
33	117
33	583
33	794
33	866
33	2141
34	72
34	131
34	144
34	145
34	165
34	194
34	247
34	394
34	463
34	725
34	2267
35	50
36	85
36	177
36	254
37	490
39	71
39	85
39	86
39	87
39	88
39	89
39	90
39	91
39	92
39	93
39	127
39	128
40	54
40	55
40	94
40	280
40	2260
41	61
41	67
41	101
42	43
42	52
42	63
42	66
42	144
42	152
42	178
42	195
42	373
43	475
44	412
44	625
44	1708
44	2390
45	194
45	270
45	282
45	463
45	869
46	90
48	894
50	51
50	59
50	82
50	83
50	84
50	125
50	126
50	314
52	143
52	179
54	219
54	1747
57	399
57	661
57	947
58	306
58	337
58	1646
59	1646
60	213
61	586
61	725
61	776
61	1282
62	247
62	430
62	1214
63	64
63	65
63	72
63	100
63	152
64	66
64	72
64	337
65	725
66	72
66	144
66	152
66	280
66	964
66	1755
66	2268
67	266
67	272
67	1951
67	2141
69	257
69	570
70	434
71	2264
72	85
72	145
72	205
72	251
72	280
72	282
72	384
72	776
72	920
72	949
72	2045
72	2073
72	2168
72	2211
74	272
74	1211
74	1212
74	1708
74	2005
74	2141
74	2390
75	203
75	964
75	1150
75	1363
76	212
76	591
76	644
76	1469
76	1587
76	1680
78	79
78	80
78	81
78	399
78	711
78	840
78	964
80	213
80	567
80	706
81	588
81	714
81	1360
82	364
82	456
82	490
82	581
82	696
82	931
82	935
85	145
85	177
85	393
85	725
85	860
86	306
87	416
87	1907
88	2096
90	1152
91	2141
92	546
94	131
94	394
94	673
94	2280
95	259
95	595
95	880
96	725
96	1747
97	456
97	518
99	306
99	307
101	964
103	2269
104	142
104	270
104	1083
106	267
106	306
107	205
107	461
108	163
108	211
108	215
108	216
108	224
108	393
108	1470
109	1658
112	520
112	2141
114	203
114	421
114	500
114	593
114	1216
118	1646
119	120
119	121
119	122
119	123
119	150
119	926
120	150
120	379
121	151
121	399
122	150
123	490
123	935
123	1013
123	1239
123	1467
123	1669
123	1702
127	714
129	130
129	233
129	414
129	603
129	847
129	848
130	153
130	277
131	394
131	1599
131	2141
132	133
132	1027
132	2141
134	135
134	140
134	148
134	166
134	207
134	235
134	248
134	657
134	694
134	715
134	779
134	810
134	829
134	839
134	955
134	960
134	1234
134	1287
134	1302
134	1346
134	1350
134	1359
134	1409
134	1552
134	1581
134	1599
134	1612
134	1629
134	1740
134	1766
134	1767
134	1807
134	1904
134	2053
134	2054
134	2055
134	2056
134	2057
134	2058
134	2059
134	2060
134	2061
134	2062
134	2063
134	2064
134	2065
134	2066
135	141
135	142
135	166
135	545
136	137
136	229
136	252
136	725
136	843
137	384
137	508
137	1242
137	1898
138	280
138	423
138	725
138	1888
138	2260
139	1461
139	2043
140	496
140	676
140	1085
141	142
142	205
143	165
143	194
143	233
143	335
143	390
143	463
143	495
143	2141
144	152
144	195
144	251
144	280
144	282
144	377
144	408
144	432
144	463
144	654
144	1282
145	377
145	586
145	1282
145	1381
145	2261
145	2277
146	147
146	436
146	499
146	823
146	825
146	839
147	436
147	499
147	839
147	1466
148	149
148	705
148	1155
149	397
150	151
150	176
150	378
150	380
150	431
150	600
150	611
150	855
150	860
150	925
150	1449
150	1624
150	1632
150	1633
151	1338
152	195
152	268
152	1282
152	2042
153	364
153	1612
153	2173
154	155
155	168
155	337
155	675
156	157
156	195
156	201
156	293
156	773
157	201
158	159
158	160
158	778
158	849
158	850
159	160
159	850
159	865
159	964
159	1216
160	191
160	849
161	162
161	220
161	387
161	604
162	409
162	518
162	1620
162	1870
163	164
163	224
163	262
163	393
163	546
163	959
164	211
164	223
164	224
164	262
164	393
165	194
165	282
165	733
167	168
167	169
167	171
167	172
167	173
167	226
167	797
168	173
168	279
168	379
168	597
168	599
168	630
168	732
168	780
168	917
168	985
168	1225
168	1288
168	1642
168	1763
168	1861
168	2282
168	2283
168	2284
169	170
170	171
170	224
170	725
170	1690
170	2181
171	617
171	621
171	1121
172	375
172	2142
173	216
173	225
173	279
173	605
174	175
174	215
174	268
174	337
174	361
174	1763
174	2254
174	2297
174	2298
176	202
176	219
176	616
177	194
177	390
177	714
177	2119
178	185
178	195
179	194
179	390
180	195
180	463
181	182
181	763
181	764
182	306
182	331
182	2200
183	184
183	217
183	272
183	682
183	2090
184	217
184	235
185	414
185	679
185	724
185	1276
185	1609
186	187
186	188
187	200
187	964
188	200
189	190
189	221
189	307
189	846
190	477
190	544
190	1174
190	1395
190	1461
190	1892
190	1960
191	845
191	1215
192	193
192	214
192	844
192	1525
193	214
194	254
194	265
194	774
194	2267
194	2274
195	270
195	373
195	376
195	456
195	463
195	1282
195	2165
195	2270
196	197
196	204
196	883
196	884
197	270
197	358
197	959
197	1651
198	460
199	200
199	221
199	338
199	856
199	2159
199	2160
201	549
201	558
201	1426
201	2106
202	219
202	235
202	586
203	204
203	269
203	306
203	384
203	411
203	2043
204	235
204	823
204	1747
205	206
205	610
205	2167
206	252
206	337
206	610
207	208
207	607
207	823
207	1453
208	408
209	270
209	402
209	490
209	546
209	655
209	935
210	250
210	302
210	1857
211	224
212	213
212	429
212	823
213	486
213	622
213	650
213	737
213	738
213	748
213	1284
213	1668
214	845
215	225
215	274
215	2285
216	274
216	297
216	569
216	825
217	754
218	219
219	439
219	964
219	1413
220	1400
220	1797
221	222
221	620
222	2158
223	224
223	225
223	278
223	964
223	1086
224	393
224	402
224	449
224	725
224	1303
226	227
226	892
226	1346
227	560
227	744
228	439
228	612
229	686
230	365
230	714
230	873
231	232
231	725
232	297
232	1194
233	234
233	389
233	2141
234	1437
235	236
235	248
235	256
235	270
235	304
235	322
235	345
235	353
235	361
235	407
235	421
235	447
235	454
235	502
235	629
235	635
235	636
235	637
235	769
235	791
235	834
235	932
235	933
235	1057
235	1058
235	1105
235	1133
235	1140
235	1156
235	1157
235	1158
235	1212
235	1254
235	1275
235	1366
235	1383
235	1429
235	1461
235	1565
235	1568
235	1655
235	1714
235	1747
235	1839
235	1842
235	1843
235	1844
235	1845
235	1846
235	1847
235	1848
235	1849
235	1850
235	1851
235	1852
235	1853
236	270
236	355
237	238
237	239
237	827
237	962
237	1185
237	1380
238	239
238	340
238	421
238	1185
239	300
239	964
239	1185
240	241
240	292
240	408
241	243
241	782
242	490
243	490
243	856
244	245
244	373
244	625
246	426
246	490
246	643
246	964
246	2141
247	255
247	1181
247	2271
249	250
250	269
250	335
250	920
251	266
251	280
251	282
251	495
251	1278
251	1282
251	1880
251	2168
251	2272
252	281
252	927
253	272
253	365
253	873
254	390
254	964
255	256
256	332
256	337
256	1429
258	490
258	655
259	490
259	596
259	744
259	815
259	1462
260	261
261	270
261	531
262	1086
262	2094
263	264
263	863
264	435
264	611
264	1343
264	1811
264	2157
265	266
266	280
266	282
266	774
266	776
266	1282
266	2141
266	2142
267	268
267	1141
267	1288
267	2072
268	2223
268	2293
268	2294
268	2295
268	2296
269	278
269	312
269	368
269	416
269	419
269	422
269	445
269	528
269	529
269	594
269	637
269	684
269	758
269	759
269	760
269	761
269	762
269	973
269	996
269	1040
269	1054
269	1055
269	1154
269	1163
269	1164
269	1165
269	1171
269	1236
269	1361
269	1510
269	1511
269	1512
269	1513
269	1514
269	1515
269	1516
269	1517
269	1518
269	1519
269	1785
269	1837
269	1858
269	1859
269	1860
269	1861
269	1862
269	1863
269	1864
270	271
270	304
270	322
270	331
270	418
270	437
270	443
270	444
270	454
270	508
270	568
270	608
270	642
270	677
270	711
270	766
270	806
270	823
270	951
270	969
270	1007
270	1060
270	1061
270	1181
270	1182
270	1183
270	1269
270	1368
270	1369
270	1396
270	1528
270	1671
270	1747
270	1896
272	273
272	327
272	330
272	348
272	368
272	371
272	411
272	423
272	424
272	454
272	455
272	472
272	508
272	530
272	533
272	535
272	556
272	579
272	600
272	633
272	658
272	659
272	660
272	661
272	688
272	716
272	753
272	769
272	790
272	791
272	792
272	836
272	989
272	1107
272	1133
272	1168
272	1231
272	1232
272	1233
272	1234
272	1235
272	1236
272	1332
272	1379
272	1385
272	1389
272	1397
272	1408
272	1457
272	1459
272	1569
272	1570
272	1571
272	1572
272	1610
272	1917
272	2042
272	2078
272	2079
272	2080
272	2081
273	1521
274	641
275	276
275	277
275	871
276	277
276	612
277	298
278	442
279	373
279	2261
280	282
280	377
280	1651
280	2211
282	377
282	495
282	548
282	2168
282	2272
283	284
283	306
285	307
285	331
285	335
285	402
285	480
285	823
285	1038
285	1116
285	1186
285	1397
285	1556
285	1757
285	1998
286	287
286	964
287	303
287	2141
288	289
288	334
288	794
288	823
288	824
289	334
289	1696
290	490
290	655
290	935
291	495
291	745
291	767
291	1371
291	1546
292	1072
292	1727
293	887
294	935
294	2141
295	490
295	638
295	890
295	935
295	1364
296	297
297	338
297	402
297	457
297	634
298	299
298	485
298	535
298	1589
298	1639
298	2161
298	2162
300	409
300	490
300	969
301	793
301	1461
302	1549
302	1857
303	1590
304	305
304	1372
305	399
305	655
305	1044
305	1472
305	1747
306	307
306	321
306	335
306	336
306	384
306	411
306	441
306	468
306	693
306	841
306	850
306	996
306	1015
306	1077
306	1273
306	1291
306	1295
306	1354
306	1607
306	1646
306	2106
306	2145
306	2166
306	2200
306	2203
306	2211
306	2212
306	2213
306	2214
306	2215
306	2216
306	2217
306	2218
306	2219
306	2220
306	2259
307	321
307	335
307	337
307	384
307	441
307	468
307	997
307	1229
307	1354
307	1451
307	1646
307	1671
307	2145
307	2198
307	2200
307	2203
307	2221
307	2231
307	2233
307	2234
307	2235
308	309
309	1291
310	490
310	935
311	490
311	655
311	722
311	935
312	313
312	354
312	621
312	1664
312	1825
312	2027
312	2176
313	354
315	316
317	318
317	1627
319	320
321	335
321	337
321	384
321	441
321	468
321	664
321	1216
321	1646
321	2145
321	2194
321	2198
321	2200
321	2236
322	437
322	444
322	2141
323	324
323	1648
324	571
324	578
325	326
325	415
325	2141
326	415
326	555
327	328
327	745
327	1235
327	1460
328	939
328	2151
329	330
329	586
329	964
329	1092
330	408
330	449
330	450
330	502
330	543
330	586
331	722
331	755
331	821
331	935
331	1265
331	1290
331	1437
331	1608
331	1615
331	1731
332	333
332	490
332	1287
332	1290
333	844
333	846
333	886
334	462
334	823
334	824
334	1918
335	336
335	337
335	384
335	524
335	748
335	839
335	1024
335	1044
335	1229
335	1238
335	1288
335	2166
335	2195
335	2196
335	2197
335	2198
335	2199
335	2200
335	2201
335	2202
335	2203
335	2204
335	2205
335	2206
335	2207
335	2208
335	2209
335	2210
336	374
336	1461
336	1646
337	384
337	411
337	441
337	468
337	584
337	599
337	724
337	996
337	1295
337	1483
337	1646
337	2064
337	2185
337	2221
337	2225
337	2226
337	2227
337	2228
337	2229
337	2230
337	2231
337	2232
338	339
338	340
338	469
338	1646
339	398
339	740
339	2419
340	476
340	762
340	794
340	1028
340	1173
340	1174
340	1175
340	1279
340	1526
340	1890
341	1136
342	343
342	352
342	1113
343	352
343	875
343	876
343	1248
343	1330
343	1331
343	1785
343	1786
344	459
344	490
344	655
344	935
345	350
345	504
345	512
345	647
345	779
345	1064
345	1069
345	1074
345	1319
345	1430
345	2068
345	2141
346	347
346	964
347	393
347	477
347	607
347	714
347	725
347	810
347	1043
347	1708
347	2141
347	2390
348	349
348	753
349	490
349	935
349	1437
350	351
351	1150
352	472
353	508
353	783
353	935
353	1630
354	536
354	625
354	797
354	1076
355	387
355	454
355	457
355	472
355	552
355	580
355	621
355	624
355	663
355	723
355	747
355	818
355	819
355	820
355	835
355	1023
355	1081
355	1126
355	1147
355	1216
355	1230
355	1272
355	1273
355	1274
355	1275
355	1308
355	1357
355	1438
355	1439
355	1440
355	1441
355	1442
355	1443
355	1506
355	1525
355	1572
355	1602
355	1603
355	1604
355	1605
355	1606
355	1607
355	1707
355	1708
355	1746
355	1759
355	1773
355	1782
355	1937
355	2008
355	2075
355	2089
355	2104
355	2147
355	2148
355	2149
355	2150
356	357
358	359
358	360
358	1091
360	817
361	569
361	601
361	1097
363	381
364	423
364	1457
366	449
366	490
366	543
366	935
366	1098
366	1216
366	1315
367	490
367	655
367	935
367	964
367	1186
368	651
369	655
369	935
369	1348
370	371
371	399
371	421
371	449
371	1322
371	1463
373	376
373	567
373	2141
376	377
376	1282
376	1751
378	379
378	508
379	380
379	431
379	600
379	1540
384	398
384	421
384	441
384	949
384	971
384	1039
384	1521
384	1646
384	1787
384	1950
384	2141
384	2182
384	2200
384	2243
384	2257
384	2258
386	714
386	722
386	1367
387	964
388	612
391	392
392	1742
393	725
393	2194
394	964
395	402
395	490
395	935
396	490
396	655
396	746
396	935
397	481
397	1008
397	1216
397	1255
398	686
398	773
398	811
399	400
399	419
399	423
399	428
399	511
399	527
399	583
399	622
399	659
399	697
399	773
399	822
399	824
399	862
399	930
399	937
399	1052
399	1185
399	1340
399	1341
399	1494
399	1495
399	1496
399	1497
399	1498
399	1499
399	1679
399	1747
399	1798
399	1799
399	1800
399	1801
399	1802
399	1803
401	543
401	773
401	783
401	1141
402	403
402	419
402	1302
402	1619
404	405
404	1646
405	1257
405	1458
406	407
407	490
407	1351
408	409
408	449
408	915
408	919
408	1137
409	457
409	543
409	586
409	919
409	1185
409	1651
410	823
411	421
411	465
411	815
411	996
411	1295
411	1448
411	1646
412	413
414	491
414	582
414	583
414	592
414	1166
415	459
416	417
416	1747
417	2422
418	422
418	2141
419	420
419	458
419	701
419	1067
419	1184
419	1506
419	1747
419	1853
419	1901
419	1902
419	1903
421	422
421	423
421	449
421	600
421	768
421	769
421	770
421	952
421	1133
421	1189
421	1331
421	1516
421	1532
421	1916
421	1917
422	1500
424	425
425	935
425	1246
425	2141
426	1210
426	1823
426	2002
427	428
429	540
430	654
430	1282
430	2277
432	1733
435	1894
436	1448
437	444
438	493
438	495
439	441
439	964
439	1646
440	490
440	655
440	935
441	516
441	1646
441	2145
441	2200
441	2237
442	1168
442	1461
443	444
444	677
445	446
445	449
445	1185
445	2145
447	448
447	1292
449	450
449	489
449	541
449	809
449	932
449	2141
450	788
450	856
450	1098
450	1235
451	452
451	918
452	867
453	454
454	459
454	1216
456	490
456	748
456	1207
456	1208
456	1357
456	1358
456	1501
457	725
458	523
458	1268
458	1671
459	755
459	1013
459	1117
459	1247
459	1673
459	1921
459	1922
459	1923
460	714
461	545
463	869
463	2080
464	1624
466	467
467	1214
467	1302
467	1461
468	473
470	471
470	587
471	1259
471	2174
471	2422
472	648
472	1103
472	1216
473	490
473	566
473	935
473	1216
474	475
474	964
474	1216
475	1204
476	490
476	591
476	644
476	655
476	935
476	1306
476	1309
476	1894
478	479
478	1732
480	530
480	531
480	561
480	920
480	1779
482	483
482	714
482	750
484	485
484	573
484	1730
485	490
485	541
485	559
485	573
485	803
485	2141
486	748
486	885
486	929
486	1623
487	488
487	501
489	533
489	2141
490	491
490	492
490	507
490	508
490	513
490	579
490	620
490	624
490	626
490	666
490	678
490	710
490	712
490	725
490	736
490	740
490	741
490	742
490	754
490	787
490	788
490	799
490	800
490	801
490	802
490	803
490	804
490	805
490	858
490	918
490	934
490	997
490	1006
490	1008
490	1009
490	1011
490	1031
490	1033
490	1053
490	1073
490	1102
490	1106
490	1107
490	1124
490	1164
490	1247
490	1248
490	1249
490	1298
490	1379
490	1414
490	1415
490	1416
490	1417
490	1418
490	1578
490	1636
490	1702
490	1773
490	1827
490	2040
490	2093
494	652
494	775
494	868
494	1376
494	1661
494	1928
496	554
496	1461
497	498
497	679
497	1036
501	502
501	505
501	1158
502	798
504	532
504	2141
505	964
505	1756
507	703
507	708
507	1461
508	581
508	674
508	744
508	964
508	1077
508	1118
508	1124
508	1206
508	1216
508	1288
508	1379
509	510
509	930
510	930
511	2136
512	513
512	756
514	1775
515	516
517	1093
517	2141
519	520
519	733
519	1026
519	1948
520	1186
520	1345
520	2141
521	522
521	534
521	1461
522	1131
522	1132
523	1094
523	1645
524	938
524	964
525	757
525	806
526	1128
527	596
527	875
532	1430
532	2152
533	1830
535	1420
536	2141
537	538
537	1646
539	540
540	688
540	825
540	1651
541	579
541	626
541	1103
541	1379
542	543
542	1032
542	1270
543	668
543	945
543	1241
543	1347
543	1461
543	1502
543	1503
543	1747
543	1812
544	964
545	573
545	839
545	866
545	942
545	943
545	944
545	1049
545	1078
545	1332
545	1333
545	1334
545	1335
545	1766
545	1788
545	1789
545	1790
545	1791
546	547
546	641
546	765
546	870
546	949
546	950
546	1059
546	1159
546	1176
546	1177
546	1178
546	1179
546	1224
546	1365
546	1366
546	1524
546	1527
546	1636
546	1708
546	1858
546	1891
546	1892
547	825
548	851
548	959
549	822
549	2141
550	551
550	552
550	793
550	1216
551	552
551	607
551	793
551	2141
553	554
554	593
554	720
554	725
554	773
554	1047
554	1048
554	1141
554	1146
554	1392
554	1490
554	1782
554	1783
555	1311
556	667
556	943
558	682
558	1038
558	1300
558	1471
558	1684
558	1685
559	1912
561	1872
562	563
562	682
564	565
565	631
565	1294
566	986
566	1261
566	1990
567	586
567	903
567	1063
567	1118
567	1185
567	1325
567	1469
567	2385
567	2386
567	2387
567	2388
567	2425
568	1386
569	1529
570	709
571	1014
572	573
574	575
574	593
576	577
577	1636
579	632
579	935
579	1175
579	1235
579	1576
579	2141
581	893
581	894
584	585
584	964
584	1320
585	595
585	1696
586	1828
586	2261
586	2263
586	2264
588	793
588	830
588	833
589	590
591	625
591	644
591	1216
591	1469
591	2390
593	783
593	794
593	821
595	1679
596	874
596	875
596	876
598	599
599	856
599	1111
603	607
606	1088
606	1430
607	608
608	794
608	1703
608	2141
611	694
612	613
612	614
612	626
612	871
612	1087
612	1089
612	1090
612	1610
612	1612
613	961
613	2417
616	725
616	2264
616	2265
616	2281
618	619
619	688
619	732
619	825
619	1448
619	1651
620	1235
620	1631
620	1674
620	1680
622	1626
623	624
624	655
624	670
624	1550
624	2264
625	644
625	836
625	851
625	1118
625	1170
625	1299
625	1468
625	1503
625	1677
625	2273
625	2306
625	2389
626	714
626	935
626	2141
628	629
629	714
630	935
630	996
630	2264
633	1827
634	964
634	1315
634	1757
635	1353
635	1841
636	1216
638	820
639	640
640	1042
642	2170
643	767
644	866
644	902
644	964
644	1187
644	1306
644	1469
644	2264
644	2390
645	646
645	883
646	652
648	1430
650	740
650	936
651	996
651	1630
652	868
652	870
655	656
655	678
655	712
655	736
655	787
655	788
655	1008
655	1009
655	1053
655	1133
655	1223
656	690
657	2141
660	913
662	663
662	1097
663	2141
664	998
664	1822
665	878
666	722
666	935
668	866
671	878
671	935
671	1324
671	1566
672	673
673	1618
674	682
674	1637
676	881
678	935
680	681
682	825
682	1109
682	1111
683	1428
684	685
684	686
684	687
686	802
686	1038
686	1747
688	964
688	1464
689	714
689	1216
691	692
692	964
692	1461
693	694
694	709
694	1452
694	1622
695	2141
697	1352
699	964
701	964
701	1160
701	2138
703	784
703	838
703	1874
705	872
705	1867
707	1020
707	1078
707	1195
707	1196
707	1420
707	1590
707	1896
707	1941
708	921
708	922
708	1429
709	807
710	711
710	720
710	935
711	720
711	840
711	1053
711	1066
711	1321
711	1681
711	1787
712	2043
714	715
714	746
714	789
714	823
714	824
714	941
714	962
714	1000
714	1001
714	1002
714	1003
714	1004
714	1005
714	1010
714	1040
714	1158
714	1217
714	1225
714	1226
714	1227
714	1228
714	1229
714	1323
714	1360
714	1405
714	1406
714	1546
714	1559
714	1560
714	1561
714	1562
714	1563
714	1564
714	1565
714	1566
714	1567
714	1679
714	1747
714	1801
714	1964
714	1974
714	1998
714	2009
714	2050
714	2051
715	964
720	1872
722	1008
722	1270
722	2083
723	1631
725	843
725	1197
725	1277
725	1617
725	1643
725	1823
725	1826
725	2182
725	2183
725	2184
725	2185
725	2186
725	2187
725	2188
725	2189
725	2190
725	2191
725	2192
725	2193
726	727
728	964
729	730
729	1600
730	1236
730	1825
730	2027
730	2107
730	2174
732	794
732	2178
732	2179
734	735
735	773
735	2117
738	1222
740	935
740	1157
743	935
743	1718
745	1141
745	1170
746	747
747	1516
748	852
749	750
751	752
752	774
753	1129
754	1634
755	1937
756	964
757	1504
758	817
759	964
759	1625
759	2141
762	964
764	1934
765	918
765	964
767	1030
767	1773
767	1904
769	1216
769	1577
770	1216
771	772
773	794
773	802
773	1671
773	1756
774	829
774	843
774	856
774	1213
774	2287
774	2288
775	1861
776	781
776	1282
777	778
778	850
778	865
778	1167
779	794
780	1508
780	1530
780	1646
781	1282
782	823
783	802
785	786
785	935
785	1349
789	2141
789	2172
792	2390
793	831
794	795
794	1099
794	1100
794	1216
794	1546
794	1653
794	1657
794	1744
794	1854
795	1099
796	2085
797	811
797	1352
800	871
800	935
800	1087
802	1128
804	1216
804	2141
805	935
805	1153
806	1212
807	808
807	964
809	2141
810	1729
811	812
811	1040
811	1646
813	814
814	2141
822	823
822	824
823	996
823	1071
823	1075
823	1109
823	1114
823	1448
823	1476
823	1857
823	1886
823	2110
823	2127
823	2151
824	1646
824	2043
824	2141
825	1104
825	1666
825	1667
826	827
827	828
827	1138
827	2178
834	969
835	836
835	1138
840	841
840	842
842	2141
844	845
848	964
849	863
849	865
850	864
851	1469
851	2141
853	854
853	964
856	857
856	858
856	859
856	1646
861	862
863	1084
865	866
865	898
865	899
866	1337
866	1444
866	1491
867	964
871	960
871	1216
872	997
872	2200
876	1695
876	1702
877	1111
878	879
881	882
881	1665
887	1835
888	889
888	912
888	2391
888	2392
888	2393
888	2394
889	2392
889	2394
889	2398
889	2399
891	1415
895	896
896	910
896	911
896	2141
896	2428
897	898
897	899
901	964
903	1289
911	1056
911	1520
911	1597
912	2391
912	2392
912	2393
912	2394
912	2395
912	2397
912	2398
912	2399
913	935
914	915
914	1449
915	918
915	919
916	917
916	964
917	2261
917	2275
918	1105
918	1813
918	1814
918	1815
918	1816
918	1817
918	1818
918	1819
920	2109
920	2168
920	2171
921	922
922	923
923	2170
928	1214
928	1236
930	1448
932	933
935	936
935	1006
935	1007
935	1008
935	1009
935	1042
935	1103
935	1671
935	1673
935	1756
937	2008
938	1469
938	2141
939	959
939	1461
940	963
941	1681
943	2141
948	1839
950	1643
951	964
954	1430
954	1444
959	1177
959	1393
959	1540
959	1541
959	1542
959	1754
960	1797
964	965
964	966
964	967
964	968
964	969
964	970
964	971
964	972
964	973
964	974
964	975
964	976
964	977
964	978
964	979
964	980
964	981
964	982
964	983
964	984
964	985
964	986
964	987
964	988
964	989
964	990
964	991
964	992
964	993
964	994
964	995
964	996
964	1081
964	1089
964	1098
964	1106
964	1162
964	1193
964	1245
964	1288
964	1302
964	1309
964	1317
964	1344
964	1346
964	1370
964	1411
964	1424
964	1429
964	1473
964	1562
964	1675
964	1679
964	1682
964	1695
964	1732
964	1738
964	1739
964	1759
964	1764
964	1793
964	1867
964	1885
964	1914
964	1959
964	1962
964	1963
964	1964
964	1965
964	1966
964	1967
964	1968
964	1969
964	1970
964	1971
964	1972
964	1973
964	1974
964	1975
964	1976
964	1977
964	1978
964	1979
964	1980
964	1981
964	1982
964	1983
964	1984
964	1985
964	1986
964	1987
964	1988
966	1893
968	2141
969	1102
969	1148
971	1121
976	1567
978	1702
978	2178
979	1216
981	1025
983	1875
986	1254
991	1033
995	1586
996	1589
996	1646
998	1200
998	1216
999	2141
1002	1216
1003	1696
1007	1473
1007	1655
1009	1492
1013	1014
1013	1702
1013	1865
1014	1461
1015	1016
1019	1020
1020	1594
1021	2200
1025	1121
1026	1233
1026	2141
1028	1029
1029	1714
1034	1035
1034	2141
1035	1461
1036	1037
1037	1173
1040	1646
1042	1043
1043	2141
1050	1051
1053	1501
1056	2011
1057	1058
1069	1287
1072	1429
1074	2141
1076	1394
1078	1079
1080	1948
1081	1821
1081	2418
1090	1329
1093	1235
1094	1304
1094	1628
1094	1629
1095	1295
1095	1640
1095	1641
1097	1650
1100	1657
1101	1102
1103	2141
1106	1216
1106	1663
1107	2141
1108	1461
1111	1112
1112	1116
1114	1871
1114	2384
1115	1648
1119	1120
1122	1123
1125	1857
1128	1745
1128	1746
1129	1130
1133	1216
1134	1135
1136	1137
1139	1140
1141	1779
1141	1780
1141	1908
1142	1143
1143	2141
1144	1145
1153	1506
1153	1831
1153	2141
1155	1623
1158	1290
1158	1657
1158	1722
1158	2043
1160	1501
1162	1284
1164	1190
1166	1636
1168	1169
1169	1460
1169	1925
1169	1944
1170	1469
1170	1590
1170	2390
1171	1460
1177	1461
1178	1646
1181	2141
1182	2106
1183	1237
1184	1461
1185	1912
1192	2141
1197	1198
1198	1385
1199	1200
1200	1216
1200	1536
1200	2152
1201	1202
1202	1264
1203	1461
1204	1205
1209	2137
1213	2141
1216	1217
1216	1218
1216	1219
1216	1220
1216	1221
1216	1234
1216	1317
1216	1369
1216	1389
1216	1401
1216	1428
1216	1433
1216	1446
1216	1457
1216	1460
1216	1478
1216	1534
1216	1543
1216	1596
1216	1630
1216	1669
1216	1880
1216	1919
1216	1945
1216	2006
1216	2025
1216	2026
1216	2027
1216	2028
1216	2029
1216	2030
1216	2031
1216	2032
1216	2033
1216	2034
1216	2035
1218	1836
1224	1461
1226	1939
1229	1378
1229	1436
1229	2141
1235	1618
1235	1756
1235	2107
1236	1360
1236	1501
1236	1636
1236	1876
1239	1467
1239	1669
1239	1702
1240	1241
1241	2158
1242	1243
1245	2038
1246	2364
1251	1252
1251	1747
1253	1583
1258	1259
1261	2117
1262	1263
1266	2141
1268	1431
1270	1540
1278	1279
1280	1281
1281	1461
1282	1621
1282	2211
1282	2263
1288	1776
1288	2200
1290	2141
1291	1646
1293	1659
1293	2141
1295	1646
1296	1297
1297	1352
1297	1434
1297	2043
1299	2141
1303	1304
1313	1484
1314	1389
1316	1317
1322	1323
1322	1767
1323	1461
1324	1325
1324	1488
1324	1655
1326	1327
1326	1646
1329	2127
1331	1461
1337	1402
1337	1403
1344	1345
1345	1375
1349	2141
1351	1370
1352	1733
1353	2043
1354	1355
1356	1357
1356	1496
1360	2043
1364	1461
1368	2043
1374	1538
1378	2043
1379	1886
1379	1991
1384	1450
1384	1461
1386	1596
1386	2081
1391	1392
1393	1876
1393	2151
1394	1545
1398	1399
1398	1646
1402	2039
1410	1411
1410	2141
1414	2141
1416	1419
1417	2141
1420	1421
1426	2141
1428	1819
1434	1435
1434	2043
1437	2141
1446	1447
1449	1489
1450	1451
1455	1456
1457	1607
1459	1656
1460	2151
1461	1553
1461	1568
1461	1638
1461	1704
1461	1716
1461	1999
1461	2015
1461	2016
1461	2017
1461	2018
1461	2019
1461	2020
1461	2021
1461	2022
1461	2023
1461	2024
1467	1702
1469	2425
1475	1476
1475	1477
1478	2390
1481	1482
1485	2082
1486	1487
1489	1872
1499	2390
1514	1679
1523	1524
1524	2141
1527	1954
1529	1531
1529	1619
1534	1535
1535	2141
1536	2141
1540	1926
1542	2141
1543	1544
1557	2043
1559	1675
1566	2120
1571	1994
1573	2127
1574	1732
1579	1580
1581	1582
1581	1646
1583	2070
1595	1596
1598	1599
1598	1661
1598	1998
1598	2141
1600	1601
1601	2141
1604	2141
1613	1614
1617	2103
1619	1620
1629	1874
1629	2390
1632	1651
1632	2141
1635	1636
1635	1733
1646	1647
1646	1693
1646	1842
1646	2145
1646	2200
1646	2238
1646	2239
1646	2240
1646	2241
1646	2242
1646	2243
1646	2244
1646	2245
1646	2246
1646	2247
1648	1833
1649	2141
1651	1652
1654	1655
1655	1958
1661	1662
1662	1663
1671	1804
1673	1748
1678	2143
1679	1706
1696	1756
1704	2141
1705	1756
1706	2009
1707	2043
1724	2141
1733	1734
1733	1735
1734	2127
1735	2127
1736	2047
1738	2043
1739	1740
1739	1741
1744	2141
1747	1857
1750	2141
1754	1755
1756	1886
1757	1992
1757	2144
1759	1760
1762	1763
1768	2141
1770	1771
1771	1781
1772	1773
1772	2141
1780	1885
1800	2141
1804	1884
1806	1807
1811	2141
1820	1821
1821	2418
1822	1823
1825	1826
1833	1834
1833	2141
1835	2025
1865	2156
1867	1868
1871	2141
1872	1873
1875	1876
1877	2141
1879	1880
1886	1887
1892	1953
1893	1894
1896	2141
1897	2141
1903	2141
1918	2127
1924	2141
1927	2141
1936	1937
1937	2114
1937	2424
1940	2141
1943	2043
1945	1946
1948	1949
1948	2423
1957	2010
1972	2129
1975	2141
1986	2099
1999	2000
2006	2141
2013	2141
2024	2141
2032	2140
2032	2141
2043	2044
2043	2045
2043	2046
2074	2075
2091	2092
2104	2105
2104	2127
2106	2107
2106	2108
2109	2168
2109	2171
2118	2141
2119	2141
2130	2141
2134	2135
2141	2154
2141	2159
2141	2162
2141	2170
2141	2210
2141	2261
2141	2273
2141	2278
2141	2280
2141	2299
2141	2300
2141	2301
2141	2302
2141	2303
2141	2304
2141	2305
2141	2306
2141	2307
2141	2308
2141	2309
2141	2310
2141	2311
2141	2312
2141	2313
2141	2314
2141	2315
2141	2316
2141	2317
2141	2318
2141	2319
2141	2320
2141	2321
2141	2322
2141	2323
2141	2324
2141	2325
2141	2326
2141	2327
2141	2328
2141	2329
2141	2330
2141	2331
2141	2332
2141	2333
2141	2334
2141	2335
2141	2336
2141	2337
2141	2338
2141	2339
2141	2340
2141	2341
2141	2342
2141	2343
2141	2344
2141	2345
2141	2346
2141	2347
2141	2348
2141	2349
2141	2350
2141	2351
2141	2352
2141	2353
2141	2401
2141	2402
2141	2403
2141	2404
2141	2405
2141	2406
2141	2407
2141	2408
2141	2409
2141	2410
2141	2411
2141	2412
2141	2413
2141	2414
2141	2415
2141	2416
2141	2426
2141	2427
2151	2177
2163	2164
2168	2169
2168	2211
2174	2175
2175	2179
2177	2178
2179	2180
2180	2277
2195	2200
2200	2221
2200	2222
2200	2223
2200	2224
2256	2277
2261	2262
2261	2263
2261	2264
2264	2270
2265	2266
2273	2390
2276	2277
2306	2390
2330	2390
2390	2425
2391	2397
2391	2398
2391	2399
2392	2398
2392	2399
2393	2394
2393	2395
2393	2397
2394	2398
2394	2399
2394	2400
2395	2396
2395	2397
2395	2398
2396	2398
2397	2398
2397	2399
2398	2399
2398	2400
