323 2
376 8
63 15
175 16
338 17
979 19
89 20
232 20
270 20
466 20
603 20
694 20
826 24
927 29
702 35
703 35
240 42
349 52
872 58
774 59
15 63
655 69
228 74
553 74
408 77
699 77
228 80
121 85
90 88
20 89
546 89
597 89
88 90
1112 91
805 96
1039 100
299 101
406 102
233 103
117 104
567 104
1043 104
694 110
554 111
841 112
104 117
308 117
405 117
805 117
85 121
338 127
370 136
149 144
1058 148
144 149
470 165
971 165
338 167
703 169
782 169
316 170
1065 170
466 173
16 175
612 179
294 183
782 183
702 186
385 190
448 190
195 192
192 195
1051 217
74 228
80 228
553 228
935 228
20 232
544 232
734 232
750 232
1105 232
103 233
844 233
42 240
730 241
299 257
20 270
491 270
338 277
888 279
363 280
895 280
1006 281
467 290
448 291
617 291
183 294
381 295
482 295
1006 295
1075 295
101 299
257 299
348 299
411 299
420 299
548 299
574 299
698 299
912 299
1016 299
1096 299
1106 299
695 306
117 308
617 310
170 316
361 318
2 323
688 328
531 332
17 338
127 338
167 338
277 338
504 338
853 338
898 338
988 338
694 340
299 348
52 349
318 361
280 363
926 366
136 370
8 376
562 378
505 380
937 380
295 381
458 381
564 381
190 385
480 400
728 402
493 403
117 405
102 406
77 408
750 410
299 411
299 420
679 431
750 433
651 447
190 448
291 448
556 449
381 458
1005 465
20 466
173 466
986 466
290 467
474 467
740 467
934 467
165 470
706 470
467 474
400 480
295 482
506 483
1112 490
270 491
497 491
844 491
1000 491
403 493
1062 496
491 497
1103 499
790 500
338 504
380 505
483 506
519 506
1123 513
571 514
506 519
332 531
232 544
89 546
786 546
978 546
299 548
74 553
228 553
111 554
449 556
378 562
381 564
104 567
1022 567
744 570
514 571
299 574
844 595
89 597
751 600
1064 600
20 603
179 612
291 617
310 617
805 617
842 629
660 634
680 646
447 651
69 655
664 655
1052 655
924 657
1087 657
634 660
655 664
431 679
1129 679
646 680
879 684
328 688
1066 689
1125 689
20 694
110 694
340 694
727 694
306 695
813 695
299 698
77 699
1072 700
35 702
186 702
35 703
169 703
1120 703
470 706
824 722
694 727
402 728
241 730
796 732
232 734
745 734
467 740
796 740
1093 741
796 742
570 744
734 745
232 750
410 750
433 750
600 751
805 757
1051 769
59 774
169 782
183 782
546 786
500 790
732 796
740 796
742 796
1020 796
1111 796
96 805
117 805
617 805
757 805
1022 807
695 813
722 824
24 826
112 841
629 842
233 844
491 844
595 844
978 844
338 853
874 856
58 872
856 874
684 879
279 888
280 895
338 898
299 912
657 924
366 926
29 927
467 934
228 935
380 937
165 971
1051 972
546 978
844 978
19 979
1129 983
466 986
338 988
491 1000
465 1005
281 1006
295 1006
1075 1006
299 1016
796 1020
567 1022
807 1022
100 1039
104 1043
217 1051
769 1051
972 1051
655 1052
148 1058
496 1062
600 1064
170 1065
689 1066
700 1072
295 1075
1006 1075
657 1087
741 1093
299 1096
499 1103
232 1105
299 1106
796 1111
91 1112
490 1112
703 1120
513 1123
689 1125
679 1129
983 1129
