323 2
1648 2
2188 7
376 8
1358 13
63 15
175 16
338 17
979 19
1536 19
1918 19
89 20
232 20
270 20
466 20
603 20
694 20
826 24
927 29
702 35
703 35
1896 35
2122 35
1861 38
1244 40
240 42
349 52
872 58
774 59
1181 59
1276 59
2172 59
2217 59
1640 60
15 63
1770 63
655 69
228 74
553 74
2192 74
408 77
699 77
2007 78
1701 79
228 80
2038 82
1495 83
1765 84
121 85
90 88
2003 88
20 89
546 89
597 89
1191 89
1682 89
1944 89
88 90
1112 91
1486 91
1582 91
1987 91
1787 93
1311 94
805 96
1039 100
299 101
1934 101
2099 101
406 102
233 103
2165 103
117 104
567 104
1043 104
1440 104
694 110
554 111
841 112
104 117
308 117
405 117
805 117
1169 117
1323 117
1870 117
85 121
2091 123
1642 125
2142 125
1539 126
338 127
370 136
2219 140
149 144
1170 144
1058 148
144 149
1363 152
2245 154
470 165
971 165
338 167
1145 167
2185 167
703 169
782 169
316 170
1065 170
466 173
1769 174
16 175
1237 178
612 179
294 183
782 183
1224 183
1512 183
1574 183
2175 183
2239 183
1572 184
702 186
1170 186
385 190
448 190
1169 190
1513 190
195 192
192 195
1572 196
1353 208
1838 208
1531 209
1821 209
2207 216
1051 217
1883 219
2130 220
1753 222
1872 222
1839 223
74 228
80 228
553 228
935 228
1851 228
1371 231
20 232
544 232
734 232
750 232
1105 232
1503 232
1985 232
2228 232
103 233
844 233
1211 233
1382 235
1849 236
1503 238
42 240
1448 240
1558 240
730 241
1169 245
1523 251
1754 252
2172 256
299 257
1654 260
1574 268
20 270
491 270
1434 270
338 277
1691 278
1877 278
888 279
1747 279
363 280
895 280
1467 280
2060 280
1006 281
2116 281
1685 283
2038 287
467 290
1381 290
448 291
617 291
183 294
1308 294
381 295
482 295
1006 295
1075 295
1294 295
1368 295
2055 295
2082 295
2247 295
101 299
257 299
348 299
411 299
420 299
548 299
574 299
698 299
912 299
1016 299
1096 299
1106 299
1376 299
1498 299
1694 299
1712 299
1792 299
1936 299
2037 299
2143 299
2207 299
2013 302
695 306
117 308
617 310
1883 311
1877 314
170 316
361 318
1535 318
2 323
688 328
531 332
2190 334
2204 334
1366 335
2172 337
17 338
127 338
167 338
277 338
504 338
853 338
898 338
988 338
1509 338
1727 338
2158 338
694 340
1435 341
299 348
1221 348
1336 348
52 349
318 361
280 363
926 366
136 370
1987 370
1298 373
2100 373
8 376
1633 376
562 378
505 380
937 380
295 381
458 381
564 381
1446 381
1365 384
1733 384
190 385
1634 387
1489 389
1870 390
1353 393
1847 398
480 400
1170 400
728 402
493 403
1818 403
117 405
1870 405
1883 405
102 406
77 408
750 410
299 411
299 420
1700 423
1823 426
679 431
750 433
1367 433
1888 433
1714 436
1666 443
651 447
190 448
291 448
1477 448
1883 448
556 449
2029 450
1307 453
381 458
1849 458
2055 458
1162 460
1005 465
1135 465
2190 465
20 466
173 466
986 466
1849 466
290 467
474 467
740 467
934 467
1282 467
1321 467
1753 467
165 470
706 470
2188 470
467 474
400 480
295 482
506 483
2036 483
1936 487
1112 490
270 491
497 491
844 491
1000 491
1184 491
1187 491
1569 491
2099 491
2207 491
403 493
1062 496
1548 496
491 497
1103 499
1465 499
1820 499
790 500
338 504
1709 504
380 505
483 506
519 506
1381 506
1169 508
1123 513
571 514
506 519
2111 519
332 531
1849 540
232 544
89 546
786 546
978 546
1572 546
2025 546
299 548
1899 551
2207 552
74 553
228 553
1464 553
1851 553
111 554
449 556
1496 556
1975 556
378 562
2111 563
381 564
104 567
1022 567
744 570
514 571
299 574
1319 582
1411 582
844 595
89 597
751 600
1064 600
1810 600
20 603
2069 611
179 612
291 617
310 617
805 617
1415 617
1477 617
1700 617
1959 617
1984 617
2114 617
842 629
2060 629
660 634
1903 636
2209 640
680 646
447 651
69 655
664 655
1052 655
924 657
1087 657
1820 657
634 660
1648 662
1679 662
2179 662
2206 663
655 664
1285 671
1856 673
1717 678
431 679
1129 679
646 680
1559 680
1934 680
879 684
328 688
1066 689
1125 689
20 694
110 694
340 694
727 694
1408 694
306 695
813 695
1348 695
299 698
1665 698
1712 698
77 699
1072 700
35 702
186 702
35 703
169 703
1120 703
2101 704
470 706
1715 706
1161 712
1905 715
2251 720
824 722
1851 726
694 727
402 728
241 730
796 732
232 734
745 734
1503 736
467 740
796 740
1093 741
796 742
570 744
2167 744
734 745
1222 745
232 750
410 750
433 750
600 751
805 757
1870 757
2114 757
2089 759
1051 769
1323 769
1593 771
59 774
169 782
183 782
546 786
1936 786
500 790
1144 790
732 796
740 796
742 796
1020 796
1111 796
1354 796
1428 796
1620 796
96 805
117 805
617 805
757 805
1566 805
2101 805
1022 807
695 813
1949 821
1960 823
2245 823
722 824
1480 824
2003 824
1478 825
24 826
1442 829
112 841
629 842
233 844
491 844
595 844
978 844
1575 847
1382 851
338 853
1472 853
874 856
1753 856
58 872
856 874
1650 874
684 879
1651 881
1960 881
279 888
1449 888
2060 888
280 895
338 898
1475 899
2241 901
1526 908
1319 910
299 912
1851 918
1862 919
657 924
366 926
29 927
467 934
228 935
1916 936
380 937
1680 953
1878 953
1870 962
2114 962
1851 967
165 971
1051 972
546 978
844 978
1944 978
19 979
1129 983
466 986
1185 986
1785 986
338 988
1319 989
491 1000
2111 1003
2019 1004
465 1005
1810 1005
281 1006
295 1006
1075 1006
1154 1006
1294 1006
2209 1014
299 1016
1513 1018
796 1020
567 1022
807 1022
1813 1031
100 1039
1366 1039
2222 1042
104 1043
1513 1047
217 1051
769 1051
972 1051
1700 1051
655 1052
148 1058
496 1062
600 1064
1187 1064
170 1065
689 1066
700 1072
295 1075
1006 1075
1154 1075
1292 1075
2055 1075
2247 1075
2041 1079
657 1087
1822 1092
741 1093
299 1096
1275 1096
499 1103
232 1105
299 1106
796 1111
91 1112
490 1112
1292 1116
703 1120
2173 1120
513 1123
1634 1123
1963 1123
1872 1124
689 1125
679 1129
983 1129
2142 1129
1415 1132
1578 1133
2196 1133
465 1135
2186 1135
1667 1137
790 1144
1551 1144
167 1145
2038 1147
1815 1152
1006 1154
1075 1154
1294 1154
2055 1154
712 1161
1765 1161
460 1162
1442 1162
1956 1162
117 1169
190 1169
245 1169
508 1169
1703 1169
144 1170
186 1170
400 1170
2111 1170
2099 1176
1543 1179
59 1181
1618 1181
2026 1181
491 1184
986 1185
491 1187
1064 1187
2082 1187
1877 1190
89 1191
1836 1191
1249 1203
2060 1204
1366 1206
1994 1207
233 1211
1674 1211
1372 1218
2062 1218
348 1221
745 1222
183 1224
178 1237
40 1244
1370 1244
2134 1244
1203 1249
1985 1252
2035 1252
2139 1254
1523 1257
1551 1259
1580 1259
1932 1262
2069 1269
1407 1272
1096 1275
1902 1275
59 1276
467 1282
1342 1282
1636 1282
2012 1282
671 1285
2207 1290
1075 1292
1116 1292
1294 1292
1368 1292
2055 1292
2082 1292
295 1294
1006 1294
1154 1294
1292 1294
1995 1294
2247 1294
1771 1297
373 1298
1934 1299
1560 1303
453 1307
294 1308
94 1311
582 1319
910 1319
989 1319
467 1321
117 1323
769 1323
1932 1323
1849 1328
1702 1329
348 1336
1282 1342
1514 1342
1891 1342
2005 1342
1547 1344
695 1348
2013 1348
208 1353
393 1353
1838 1353
1936 1353
2182 1353
796 1354
13 1358
2187 1358
152 1363
1381 1363
384 1365
335 1366
1039 1366
1206 1366
1849 1366
433 1367
295 1368
1292 1368
1441 1369
1244 1370
2111 1370
231 1371
1218 1372
1731 1374
299 1376
2207 1376
290 1381
506 1381
1363 1381
235 1382
851 1382
1413 1390
1272 1407
694 1408
582 1411
1631 1412
1390 1413
1750 1414
617 1415
1132 1415
2172 1420
796 1428
1628 1428
1928 1428
270 1434
341 1435
104 1440
1369 1441
829 1442
1162 1442
381 1446
240 1448
888 1449
1988 1454
553 1464
499 1465
280 1467
853 1472
899 1475
448 1477
617 1477
1513 1477
825 1478
1647 1479
2195 1479
824 1480
91 1486
389 1489
1839 1492
83 1495
1733 1495
1857 1495
556 1496
2012 1496
299 1498
1744 1498
232 1503
238 1503
736 1503
1679 1503
2096 1503
1960 1508
338 1509
2217 1511
183 1512
190 1513
1018 1513
1047 1513
1477 1513
1870 1513
1925 1513
2114 1513
2163 1513
2167 1513
1342 1514
1801 1515
251 1523
1257 1523
1988 1523
908 1526
2114 1527
2206 1529
209 1531
318 1535
19 1536
126 1539
1179 1543
1344 1547
496 1548
1710 1549
1144 1551
1259 1551
1899 1551
1694 1557
2166 1557
240 1558
680 1559
1303 1560
805 1566
1932 1566
2123 1566
2163 1566
491 1569
184 1572
196 1572
546 1572
1944 1572
183 1574
268 1574
847 1575
1133 1578
1259 1580
91 1582
771 1593
1915 1593
1713 1596
1666 1597
1644 1603
2209 1607
2172 1616
1181 1618
796 1620
1951 1624
1428 1628
1839 1629
1412 1631
376 1633
1785 1633
387 1634
1123 1634
1282 1636
60 1640
125 1642
1603 1644
1479 1647
2 1648
662 1648
874 1650
1753 1650
881 1651
260 1654
2158 1655
1715 1656
2150 1656
2172 1663
2025 1664
698 1665
443 1666
1597 1666
1137 1667
2111 1670
1211 1674
662 1679
1503 1679
1888 1679
2179 1679
953 1680
89 1682
283 1685
278 1691
1715 1691
299 1694
1557 1694
423 1700
617 1700
1051 1700
1935 1700
79 1701
1329 1702
1169 1703
2257 1705
1849 1707
504 1709
1549 1710
299 1712
698 1712
1596 1713
436 1714
706 1715
1656 1715
1691 1715
678 1717
338 1727
2158 1730
1374 1731
384 1733
1495 1733
1891 1733
1498 1744
279 1747
1867 1748
1414 1750
222 1753
467 1753
856 1753
1650 1753
252 1754
2242 1758
84 1765
1161 1765
2048 1765
2096 1765
2247 1765
174 1769
63 1770
1790 1770
1297 1771
1798 1772
2209 1782
986 1785
1633 1785
93 1787
1770 1790
2076 1791
299 1792
1849 1794
1772 1798
1515 1801
600 1810
1005 1810
1031 1813
1152 1815
403 1818
2216 1818
499 1820
657 1820
209 1821
1092 1822
426 1823
1191 1836
208 1838
1353 1838
1936 1838
2182 1838
223 1839
1492 1839
1629 1839
398 1847
236 1849
458 1849
466 1849
540 1849
1328 1849
1366 1849
1707 1849
1794 1849
2008 1849
2073 1849
2099 1849
228 1851
553 1851
726 1851
918 1851
967 1851
673 1856
2060 1856
2217 1856
1495 1857
38 1861
919 1862
1952 1862
2216 1865
1748 1867
117 1870
390 1870
405 1870
757 1870
962 1870
1513 1870
2101 1870
2114 1870
222 1872
1124 1872
2114 1874
1914 1876
278 1877
314 1877
1190 1877
2188 1877
953 1878
2216 1881
219 1883
311 1883
405 1883
448 1883
2027 1886
433 1888
1679 1888
1342 1891
1733 1891
2005 1891
35 1896
551 1899
1551 1899
2092 1899
2111 1900
1275 1902
636 1903
715 1905
1913 1905
1905 1913
1876 1914
1593 1915
936 1916
19 1918
1513 1925
1428 1928
1262 1932
1323 1932
1566 1932
101 1934
680 1934
1299 1934
2242 1934
1700 1935
299 1936
487 1936
786 1936
1353 1936
1838 1936
2089 1941
89 1944
978 1944
1572 1944
1958 1945
821 1949
1624 1951
1862 1952
1162 1956
1945 1958
617 1959
823 1960
881 1960
1508 1960
1123 1963
556 1975
617 1984
232 1985
1252 1985
2041 1985
91 1987
370 1987
1454 1988
1523 1988
1207 1994
1294 1995
88 2003
824 2003
1342 2005
1891 2005
78 2007
1849 2008
1282 2012
1496 2012
2239 2012
302 2013
1348 2013
1004 2019
2253 2019
546 2025
1664 2025
2142 2025
1181 2026
1886 2027
450 2029
1252 2035
483 2036
299 2037
82 2038
287 2038
1147 2038
1079 2041
1985 2041
1765 2048
295 2055
458 2055
1075 2055
1154 2055
1292 2055
2082 2055
2247 2055
280 2060
629 2060
888 2060
1204 2060
1856 2060
1218 2062
2245 2066
611 2069
1269 2069
1849 2073
1791 2076
295 2082
1187 2082
1292 2082
2055 2082
2247 2082
759 2089
1941 2089
123 2091
1899 2092
1503 2096
1765 2096
101 2099
491 2099
1176 2099
1849 2099
373 2100
704 2101
805 2101
1870 2101
519 2111
563 2111
1003 2111
1170 2111
1370 2111
1670 2111
1900 2111
2188 2111
2189 2113
617 2114
757 2114
962 2114
1513 2114
1527 2114
1870 2114
1874 2114
2167 2114
281 2116
35 2122
1566 2123
220 2130
1244 2134
1254 2139
125 2142
1129 2142
2025 2142
299 2143
1656 2150
338 2158
1655 2158
1730 2158
2216 2159
1513 2163
1566 2163
103 2165
1557 2166
744 2167
1513 2167
2114 2167
59 2172
256 2172
337 2172
1420 2172
1616 2172
1663 2172
2234 2172
1120 2173
183 2175
662 2179
1679 2179
1353 2182
1838 2182
167 2185
1135 2186
1358 2187
7 2188
470 2188
1877 2188
2111 2188
2245 2188
2113 2189
334 2190
465 2190
74 2192
1479 2195
1133 2196
334 2204
663 2206
1529 2206
216 2207
299 2207
491 2207
552 2207
1290 2207
1376 2207
640 2209
1014 2209
1607 2209
1782 2209
2255 2209
1818 2216
1865 2216
1881 2216
2159 2216
59 2217
1511 2217
1856 2217
140 2219
1042 2222
232 2228
2172 2234
183 2239
2012 2239
901 2241
1758 2242
1934 2242
154 2245
823 2245
2066 2245
2188 2245
295 2247
1075 2247
1294 2247
1765 2247
2055 2247
2082 2247
720 2251
2019 2253
2209 2255
1705 2257
