323 2
1648 2
2188 7
376 8
1358 13
63 15
2861 15
175 16
338 17
979 19
1536 19
1918 19
89 20
232 20
270 20
466 20
603 20
694 20
2410 20
2723 20
2859 20
826 24
927 29
702 35
703 35
1896 35
2122 35
2523 35
3378 35
3248 36
1861 38
3327 39
1244 40
240 42
3155 47
349 52
872 58
774 59
1181 59
1276 59
2172 59
2217 59
2535 59
2679 59
2751 59
2812 59
2953 59
1640 60
15 63
1770 63
3199 66
655 69
2349 72
228 74
553 74
2192 74
3264 74
408 77
699 77
2007 78
1701 79
228 80
2925 80
3311 80
3347 81
2038 82
1495 83
2872 83
1765 84
121 85
90 88
2003 88
20 89
546 89
597 89
1191 89
1682 89
1944 89
2431 89
2696 89
88 90
1112 91
1486 91
1582 91
1987 91
1787 93
1311 94
805 96
1039 100
299 101
1934 101
2099 101
2293 101
2468 101
406 102
233 103
2165 103
117 104
567 104
1043 104
1440 104
2955 109
694 110
554 111
841 112
104 117
308 117
405 117
805 117
1169 117
1323 117
1870 117
2306 117
2478 117
2584 117
2829 117
3112 117
2667 118
2471 120
3101 120
85 121
3136 121
2989 122
2091 123
1642 125
2142 125
1539 126
3146 126
338 127
370 136
2219 140
149 144
1170 144
1058 148
144 149
2916 149
3245 150
1363 152
2245 154
2734 164
470 165
971 165
338 167
1145 167
2185 167
703 169
782 169
2555 169
2665 169
2671 169
2683 169
2826 169
3039 169
3221 169
316 170
1065 170
3208 170
466 173
1769 174
2836 174
16 175
1237 178
612 179
3239 181
294 183
782 183
1224 183
1512 183
1574 183
2175 183
2239 183
2833 183
2904 183
1572 184
3304 185
702 186
1170 186
385 190
448 190
1169 190
1513 190
2829 190
3292 190
195 192
2529 193
192 195
1572 196
3385 197
2583 206
1353 208
1838 208
2287 208
3186 208
1531 209
1821 209
3105 209
3372 209
2207 216
1051 217
2910 217
1883 219
2130 220
2336 221
1753 222
1872 222
1839 223
74 228
80 228
553 228
935 228
1851 228
1371 231
20 232
544 232
734 232
750 232
1105 232
1503 232
1985 232
2228 232
2375 232
2696 232
3302 232
103 233
844 233
1211 233
2410 233
2737 233
1382 235
1849 236
1503 238
3381 238
42 240
1448 240
1558 240
730 241
1169 245
2362 247
2311 248
1523 251
1754 252
2172 256
299 257
2630 258
1654 260
1574 268
20 270
491 270
1434 270
2293 273
3162 275
338 277
1691 278
1877 278
888 279
1747 279
363 280
895 280
1467 280
2060 280
1006 281
2116 281
1685 283
2038 287
3147 288
467 290
1381 290
448 291
617 291
2477 291
2659 291
3355 291
183 294
1308 294
381 295
482 295
1006 295
1075 295
1294 295
1368 295
2055 295
2082 295
2247 295
2790 295
2831 295
2835 295
3088 295
2639 298
101 299
257 299
348 299
411 299
420 299
548 299
574 299
698 299
912 299
1016 299
1096 299
1106 299
1376 299
1498 299
1694 299
1712 299
1792 299
1936 299
2037 299
2143 299
2207 299
2274 299
2315 299
2420 299
2421 299
2468 299
2557 299
2730 299
2859 299
2906 299
2908 299
3030 299
3062 299
3150 299
3174 299
3246 299
3288 299
3364 299
3194 300
2013 302
695 306
2484 306
117 308
3351 309
617 310
1883 311
3311 313
1877 314
170 316
3043 316
361 318
1535 318
3181 320
2 323
2900 323
688 328
3131 329
531 332
2190 334
2204 334
1366 335
2549 335
3082 336
2172 337
17 338
127 338
167 338
277 338
504 338
853 338
898 338
988 338
1509 338
1727 338
2158 338
2668 338
3382 338
694 340
1435 341
2549 345
299 348
1221 348
1336 348
52 349
3147 349
2320 352
2946 357
318 361
280 363
926 366
136 370
1987 370
1298 373
2100 373
3060 373
3232 373
2671 374
8 376
1633 376
562 378
505 380
937 380
295 381
458 381
564 381
1446 381
2810 381
1365 384
1733 384
190 385
1634 387
1489 389
1870 390
1353 393
1847 398
2412 398
480 400
1170 400
728 402
493 403
1818 403
117 405
1870 405
1883 405
2584 405
102 406
77 408
750 410
3020 410
299 411
2293 413
2943 413
299 420
1700 423
1823 426
2425 428
679 431
750 433
1367 433
1888 433
2799 433
3062 433
1714 436
2295 436
2368 437
1666 443
651 447
190 448
291 448
1477 448
1883 448
2267 448
2829 448
556 449
2029 450
1307 453
2885 456
2316 457
381 458
1849 458
2055 458
2831 458
2835 458
3088 458
1162 460
3090 460
3156 462
1005 465
1135 465
2190 465
2550 465
20 466
173 466
986 466
1849 466
3324 466
290 467
474 467
740 467
934 467
1282 467
1321 467
1753 467
2297 469
165 470
706 470
2188 470
3127 472
467 474
3029 477
400 480
295 482
2810 482
506 483
2036 483
1936 487
2799 487
1112 490
3038 490
270 491
497 491
844 491
1000 491
1184 491
1187 491
1569 491
2099 491
2207 491
2293 491
2550 491
2630 491
2746 491
3374 491
403 493
2496 493
3293 493
1062 496
1548 496
2332 496
2413 496
2927 496
3038 496
3298 496
491 497
1103 499
1465 499
1820 499
790 500
3060 501
338 504
1709 504
2448 504
3010 504
380 505
483 506
519 506
1381 506
3147 507
1169 508
1123 513
571 514
506 519
2111 519
3202 523
3305 526
332 531
1849 540
232 544
89 546
786 546
978 546
1572 546
2025 546
3303 546
299 548
1899 551
2424 551
2207 552
74 553
228 553
1464 553
1851 553
111 554
3371 554
449 556
1496 556
1975 556
378 562
2111 563
381 564
2267 566
104 567
1022 567
744 570
514 571
2900 573
299 574
2267 580
1319 582
1411 582
2709 584
2996 594
844 595
89 597
751 600
1064 600
1810 600
2726 600
3350 602
20 603
2370 607
2069 611
179 612
3030 612
291 617
310 617
805 617
1415 617
1477 617
1700 617
1959 617
1984 617
2114 617
2458 617
2829 617
2443 625
842 629
2060 629
3092 633
660 634
2366 634
2401 634
1903 636
2320 637
2209 640
3029 642
680 646
2446 646
3089 650
447 651
2539 653
69 655
664 655
1052 655
2526 655
924 657
1087 657
1820 657
2701 659
634 660
1648 662
1679 662
2179 662
2745 662
2206 663
655 664
2417 664
2798 664
3227 668
1285 671
1856 673
2349 673
3327 673
2272 675
1717 678
431 679
1129 679
2929 679
3137 679
646 680
1559 680
1934 680
3171 683
879 684
3029 685
2630 687
328 688
1066 689
1125 689
2853 690
20 694
110 694
340 694
727 694
1408 694
2508 694
2693 694
3204 694
306 695
813 695
1348 695
2474 695
2829 695
299 698
1665 698
1712 698
2580 698
3020 698
77 699
1072 700
2904 701
35 702
186 702
3229 702
35 703
169 703
1120 703
2400 703
2417 703
2794 703
2795 703
2884 703
2101 704
470 706
1715 706
2927 706
2979 706
3043 706
3088 709
1161 712
2876 713
3232 713
1905 715
2999 717
2251 720
2323 720
824 722
2722 724
1851 726
694 727
402 728
241 730
3060 730
3082 730
3040 731
796 732
232 734
745 734
1503 736
3007 738
467 740
796 740
1093 741
796 742
2833 742
570 744
2167 744
734 745
1222 745
232 750
410 750
433 750
2901 750
600 751
2595 752
2500 753
2634 753
805 757
1870 757
2114 757
2458 757
3112 757
2089 759
2559 765
1051 769
1323 769
2305 769
2478 769
2740 769
1593 771
59 774
169 782
183 782
2665 782
2884 782
3060 782
2925 784
546 786
1936 786
500 790
1144 790
2853 790
732 796
740 796
742 796
1020 796
1111 796
1354 796
1428 796
1620 796
2603 796
96 805
117 805
617 805
757 805
1566 805
2101 805
2305 805
3051 805
1022 807
2469 810
695 813
3319 820
1949 821
1960 823
2245 823
2400 823
2826 823
3353 823
722 824
1480 824
2003 824
1478 825
2853 825
24 826
1442 829
2400 829
3120 836
112 841
629 842
233 844
491 844
595 844
978 844
2442 844
2986 844
1575 847
1382 851
338 853
1472 853
2273 853
874 856
1753 856
2530 863
3097 863
3311 863
58 872
3029 872
3270 872
3311 872
856 874
1650 874
684 879
1651 881
1960 881
3305 885
279 888
1449 888
2060 888
2892 888
2914 888
280 895
338 898
1475 899
2241 901
3319 902
2410 903
1526 908
1319 910
3293 911
299 912
1851 918
1862 919
657 924
366 926
29 927
467 934
228 935
1916 936
380 937
2571 937
2868 939
1680 953
1878 953
2607 958
1870 962
2114 962
1851 967
165 971
1051 972
546 978
844 978
1944 978
19 979
1129 983
466 986
1185 986
1785 986
2410 986
338 988
1319 989
3378 989
491 1000
2696 1000
2111 1003
2614 1003
2946 1003
2019 1004
2821 1004
465 1005
1810 1005
2696 1005
281 1006
295 1006
1075 1006
1154 1006
1294 1006
2810 1006
2831 1006
2902 1006
3143 1007
2209 1014
299 1016
1513 1018
796 1020
567 1022
807 1022
2305 1022
1813 1031
3228 1031
3092 1035
2951 1038
100 1039
1366 1039
2222 1042
104 1043
1513 1047
217 1051
769 1051
972 1051
1700 1051
2691 1051
655 1052
3305 1057
148 1058
2465 1061
496 1062
600 1064
1187 1064
170 1065
2546 1065
689 1066
2331 1066
700 1072
2773 1074
295 1075
1006 1075
1154 1075
1292 1075
2055 1075
2247 1075
2433 1075
2810 1075
3154 1075
2909 1077
2041 1079
2811 1083
3147 1083
657 1087
1822 1092
741 1093
299 1096
1275 1096
2800 1099
499 1103
232 1105
299 1106
2339 1106
2549 1106
796 1111
91 1112
490 1112
3078 1113
1292 1116
3066 1118
703 1120
2173 1120
3345 1121
513 1123
1634 1123
1963 1123
2398 1123
2549 1123
2926 1123
1872 1124
689 1125
2336 1127
679 1129
983 1129
2142 1129
2453 1129
2559 1129
3137 1129
2613 1131
2810 1131
1415 1132
1578 1133
2196 1133
465 1135
2186 1135
1667 1137
2952 1138
790 1144
1551 1144
167 1145
2038 1147
3006 1150
1815 1152
3122 1152
1006 1154
1075 1154
1294 1154
2055 1154
2831 1154
2898 1154
3088 1154
2438 1160
2559 1160
712 1161
1765 1161
460 1162
1442 1162
1956 1162
3378 1162
2591 1167
117 1169
190 1169
245 1169
508 1169
1703 1169
144 1170
186 1170
400 1170
2111 1170
3125 1170
2099 1176
3302 1176
1543 1179
59 1181
1618 1181
2026 1181
491 1184
2372 1184
3186 1184
3319 1184
986 1185
3345 1186
491 1187
1064 1187
2082 1187
2516 1189
1877 1190
3038 1190
89 1191
1836 1191
2903 1191
3339 1194
3193 1201
1249 1203
2060 1204
2344 1205
1366 1206
1994 1207
233 1211
1674 1211
2452 1214
2946 1215
2844 1217
1372 1218
2062 1218
3127 1218
348 1221
745 1222
2559 1222
2651 1222
183 1224
2895 1228
178 1237
40 1244
1370 1244
2134 1244
1203 1249
2739 1249
1985 1252
2035 1252
2139 1254
1523 1257
1551 1259
1580 1259
2927 1259
1932 1262
2069 1269
1407 1272
2305 1272
2825 1272
1096 1275
1902 1275
59 1276
2683 1280
467 1282
1342 1282
1636 1282
2012 1282
2883 1282
671 1285
2514 1286
2508 1289
2207 1290
1075 1292
1116 1292
1294 1292
1368 1292
2055 1292
2082 1292
2790 1292
2831 1292
2835 1292
2898 1292
2902 1292
3088 1292
3114 1292
295 1294
1006 1294
1154 1294
1292 1294
1995 1294
2247 1294
2810 1294
3114 1294
1771 1297
2829 1297
373 1298
1934 1299
2279 1300
1560 1303
2498 1303
2925 1304
453 1307
294 1308
2413 1308
3118 1308
94 1311
3358 1315
3230 1316
3378 1316
3043 1317
3082 1317
3361 1317
582 1319
910 1319
989 1319
467 1321
2638 1321
2732 1321
3043 1321
2330 1322
117 1323
769 1323
1932 1323
2305 1323
2825 1323
3151 1323
3258 1323
3209 1326
1849 1328
1702 1329
2366 1331
2696 1332
2367 1335
348 1336
1282 1342
1514 1342
1891 1342
2005 1342
3006 1342
1547 1344
2696 1345
695 1348
2013 1348
2481 1352
208 1353
393 1353
1838 1353
1936 1353
2182 1353
2799 1353
796 1354
13 1358
2187 1358
2465 1360
152 1363
1381 1363
2266 1363
2510 1363
2582 1363
2798 1363
3043 1363
384 1365
335 1366
1039 1366
1206 1366
1849 1366
433 1367
2438 1367
295 1368
1292 1368
2410 1368
2900 1368
2902 1368
1441 1369
1244 1370
2111 1370
2394 1370
2934 1370
231 1371
1218 1372
2402 1372
1731 1374
3365 1374
299 1376
2207 1376
2666 1377
290 1381
506 1381
1363 1381
3038 1381
235 1382
851 1382
3345 1382
1413 1390
2773 1392
3319 1394
2541 1398
2884 1401
3263 1403
1272 1407
2305 1407
694 1408
582 1411
1631 1412
1390 1413
1750 1414
2450 1414
617 1415
1132 1415
2172 1420
2349 1420
2644 1420
2452 1421
2642 1424
796 1428
1628 1428
1928 1428
2573 1428
2853 1428
270 1434
341 1435
2578 1435
104 1440
1369 1441
829 1442
1162 1442
381 1446
240 1448
888 1449
1988 1454
2402 1457
2786 1460
553 1464
499 1465
280 1467
2734 1470
853 1472
899 1475
448 1477
617 1477
1513 1477
2829 1477
825 1478
2783 1478
1647 1479
2195 1479
824 1480
91 1486
3305 1486
389 1489
2810 1489
1839 1492
2864 1494
83 1495
1733 1495
1857 1495
2665 1495
556 1496
2012 1496
299 1498
1744 1498
232 1503
238 1503
736 1503
1679 1503
2096 1503
3020 1503
3349 1503
2846 1505
1960 1508
338 1509
2217 1511
2667 1511
183 1512
2927 1512
190 1513
1018 1513
1047 1513
1477 1513
1870 1513
1925 1513
2114 1513
2163 1513
2167 1513
2476 1513
3112 1513
1342 1514
1801 1515
3060 1520
251 1523
1257 1523
1988 1523
2735 1525
908 1526
2114 1527
2458 1527
2800 1527
3112 1527
2206 1529
3305 1530
209 1531
2836 1534
3305 1534
318 1535
19 1536
126 1539
2703 1541
1179 1543
3337 1543
2604 1545
1344 1547
496 1548
3305 1548
1710 1549
2366 1549
1144 1551
1259 1551
1899 1551
2528 1551
2884 1551
3209 1553
1694 1557
2166 1557
240 1558
680 1559
1303 1560
805 1566
1932 1566
2123 1566
2163 1566
2458 1566
491 1569
184 1572
196 1572
546 1572
1944 1572
2549 1572
3105 1573
183 1574
268 1574
847 1575
3369 1576
1133 1578
3369 1579
1259 1580
91 1582
771 1593
1915 1593
2363 1593
1713 1596
1666 1597
1644 1603
2856 1604
2209 1607
3082 1610
3202 1611
2172 1616
1181 1618
796 1620
1951 1624
2410 1627
2626 1627
1428 1628
1839 1629
2803 1629
3045 1629
1412 1631
2415 1631
376 1633
1785 1633
387 1634
1123 1634
1282 1636
60 1640
125 1642
1603 1644
1479 1647
2 1648
662 1648
874 1650
1753 1650
881 1651
260 1654
2158 1655
1715 1656
2150 1656
3005 1656
2172 1663
2644 1663
2025 1664
698 1665
443 1666
1597 1666
1137 1667
2350 1667
2111 1670
1211 1674
662 1679
1503 1679
1888 1679
2179 1679
2696 1679
953 1680
89 1682
2559 1682
2861 1684
283 1685
3386 1686
2266 1688
3043 1688
278 1691
1715 1691
299 1694
1557 1694
3078 1694
3111 1694
3168 1694
3092 1696
423 1700
617 1700
1051 1700
1935 1700
2829 1700
79 1701
1329 1702
1169 1703
2821 1703
2257 1705
1849 1707
2539 1707
504 1709
1549 1710
299 1712
698 1712
1596 1713
436 1714
706 1715
1656 1715
1691 1715
2492 1715
2671 1715
2717 1715
2803 1715
3006 1715
3181 1715
678 1717
3293 1717
2358 1719
338 1727
3217 1728
2158 1730
1374 1731
384 1733
1495 1733
1891 1733
2266 1733
2281 1733
2817 1740
1498 1744
3386 1746
279 1747
1867 1748
1414 1750
222 1753
467 1753
856 1753
1650 1753
2597 1753
252 1754
2242 1758
2693 1762
84 1765
1161 1765
2048 1765
2096 1765
2247 1765
2630 1765
2687 1765
174 1769
63 1770
1790 1770
1297 1771
2452 1771
1798 1772
2853 1777
2209 1782
986 1785
1633 1785
93 1787
2715 1787
1770 1790
2076 1791
2584 1791
299 1792
1849 1794
1772 1798
1515 1801
2432 1801
2460 1801
600 1810
1005 1810
2549 1810
2658 1810
2270 1812
3103 1812
1031 1813
2325 1813
3156 1813
3228 1813
1152 1815
3122 1815
403 1818
2216 1818
3026 1818
3372 1818
499 1820
657 1820
209 1821
1092 1822
3362 1822
426 1823
2367 1829
3215 1835
1191 1836
208 1838
1353 1838
1936 1838
2182 1838
2859 1838
223 1839
1492 1839
1629 1839
2546 1839
3103 1839
2490 1845
398 1847
3300 1848
236 1849
458 1849
466 1849
540 1849
1328 1849
1366 1849
1707 1849
1794 1849
2008 1849
2073 1849
2099 1849
2483 1849
2537 1849
2549 1849
2562 1849
2929 1849
3144 1849
3166 1849
3252 1849
228 1851
553 1851
726 1851
918 1851
967 1851
3033 1851
673 1856
2060 1856
2217 1856
2346 1856
2956 1856
1495 1857
38 1861
919 1862
1952 1862
2640 1862
2216 1865
1748 1867
117 1870
390 1870
405 1870
757 1870
962 1870
1513 1870
2101 1870
2114 1870
2452 1870
3058 1870
222 1872
1124 1872
2114 1874
1914 1876
278 1877
314 1877
1190 1877
2188 1877
2465 1877
2944 1877
953 1878
2216 1881
219 1883
311 1883
405 1883
448 1883
2306 1883
2452 1883
2027 1886
3024 1887
433 1888
1679 1888
2356 1889
3367 1889
1342 1891
1733 1891
2005 1891
2595 1891
2665 1891
3180 1891
2280 1895
35 1896
551 1899
1551 1899
2092 1899
2111 1900
1275 1902
636 1903
715 1905
1913 1905
2312 1907
2999 1912
1905 1913
1876 1914
1593 1915
2551 1915
3293 1915
936 1916
19 1918
2443 1921
1513 1925
2825 1925
2877 1925
1428 1928
2370 1931
1262 1932
1323 1932
1566 1932
3051 1932
101 1934
680 1934
1299 1934
2242 1934
1700 1935
299 1936
487 1936
786 1936
1353 1936
1838 1936
2799 1936
2402 1940
2089 1941
89 1944
978 1944
1572 1944
2285 1944
2325 1944
2549 1944
3319 1944
1958 1945
3139 1945
821 1949
1624 1951
1862 1952
1162 1956
1945 1958
617 1959
3058 1959
823 1960
881 1960
1508 1960
1123 1963
2849 1963
2859 1963
3387 1963
2579 1972
556 1975
3127 1975
2392 1976
2711 1976
2349 1982
617 1984
232 1985
1252 1985
2041 1985
91 1987
370 1987
1454 1988
1523 1988
3029 1993
1207 1994
1294 1995
2790 1995
88 2003
824 2003
1342 2005
1891 2005
2266 2005
2455 2005
78 2007
1849 2008
1282 2012
1496 2012
2239 2012
2394 2012
3005 2012
3103 2012
302 2013
1348 2013
3015 2013
1004 2019
2253 2019
3198 2020
2876 2021
546 2025
1664 2025
2142 2025
1181 2026
1886 2027
450 2029
2331 2029
3335 2030
1252 2035
483 2036
299 2037
82 2038
287 2038
1147 2038
3209 2038
2840 2039
1079 2041
1985 2041
3127 2046
1765 2048
2658 2050
3346 2050
295 2055
458 2055
1075 2055
1154 2055
1292 2055
2082 2055
2247 2055
2642 2055
2810 2055
3114 2055
280 2060
629 2060
888 2060
1204 2060
1856 2060
1218 2062
2245 2066
3180 2066
3025 2068
611 2069
1269 2069
1849 2073
2433 2075
1791 2076
2584 2076
2659 2076
295 2082
1187 2082
1292 2082
2055 2082
2247 2082
2755 2082
2790 2082
2810 2082
3168 2082
3179 2082
3349 2082
3086 2084
759 2089
1941 2089
2919 2089
123 2091
1899 2092
2853 2092
1503 2096
1765 2096
3363 2096
101 2099
491 2099
1176 2099
1849 2099
2550 2099
2630 2099
2726 2099
373 2100
704 2101
805 2101
1870 2101
2452 2101
2458 2101
2612 2101
2825 2101
2829 2101
3112 2101
3280 2103
2739 2107
3224 2107
519 2111
563 2111
1003 2111
1170 2111
1370 2111
1670 2111
1900 2111
2188 2111
2655 2111
3129 2111
3282 2111
3378 2111
2189 2113
617 2114
757 2114
962 2114
1513 2114
1527 2114
1870 2114
1874 2114
2167 2114
2829 2114
281 2116
2901 2116
35 2122
1566 2123
2991 2123
220 2130
2776 2132
1244 2134
2310 2135
1254 2139
125 2142
1129 2142
2025 2142
2453 2142
299 2143
1656 2150
3149 2151
2565 2153
2526 2154
2808 2154
338 2158
1655 2158
1730 2158
2216 2159
3293 2159
3142 2160
1513 2163
1566 2163
103 2165
2816 2165
2900 2165
1557 2166
744 2167
1513 2167
2114 2167
3112 2167
59 2172
256 2172
337 2172
1420 2172
1616 2172
1663 2172
2234 2172
2349 2172
2518 2172
2570 2172
2644 2172
2670 2172
2874 2172
3191 2172
3257 2172
1120 2173
183 2175
662 2179
1679 2179
1353 2182
1838 2182
2745 2182
2799 2182
2488 2184
167 2185
1135 2186
3176 2186
1358 2187
7 2188
470 2188
1877 2188
2111 2188
2245 2188
2475 2188
3239 2188
3279 2188
3305 2188
2113 2189
334 2190
465 2190
2799 2190
3186 2190
2341 2191
2370 2191
2802 2191
74 2192
1479 2195
1133 2196
2523 2196
3318 2201
334 2204
663 2206
1529 2206
216 2207
299 2207
491 2207
552 2207
1290 2207
1376 2207
3275 2207
3343 2207
640 2209
1014 2209
1607 2209
1782 2209
2255 2209
2300 2209
1818 2216
1865 2216
1881 2216
2159 2216
59 2217
1511 2217
1856 2217
140 2219
2476 2220
1042 2222
2869 2227
232 2228
3305 2230
2172 2234
183 2239
2012 2239
901 2241
3092 2241
1758 2242
1934 2242
154 2245
823 2245
2066 2245
2188 2245
2617 2245
2782 2245
2957 2245
3386 2245
295 2247
1075 2247
1294 2247
1765 2247
2055 2247
2082 2247
2810 2247
2831 2247
3088 2247
720 2251
2019 2253
2209 2255
1705 2257
2630 2257
2813 2259
3139 2262
3356 2264
1363 2266
1688 2266
1733 2266
2005 2266
448 2267
566 2267
580 2267
2829 2267
1812 2270
675 2272
853 2273
299 2274
2658 2275
3110 2276
1300 2279
1895 2280
1733 2281
2696 2282
1944 2285
208 2287
2431 2287
2446 2287
3236 2287
101 2293
273 2293
413 2293
491 2293
436 2295
469 2297
2324 2297
2209 2300
769 2305
805 2305
1022 2305
1272 2305
1323 2305
1407 2305
2701 2305
117 2306
1883 2306
2135 2310
248 2311
1907 2312
299 2315
457 2316
352 2320
637 2320
3057 2322
720 2323
2297 2324
1813 2325
1944 2325
2549 2325
3228 2325
1322 2330
1066 2331
2029 2331
496 2332
221 2336
1127 2336
1106 2339
2191 2341
1205 2344
3330 2344
1856 2346
72 2349
673 2349
1420 2349
1982 2349
2172 2349
2812 2349
1667 2350
1889 2356
2831 2356
1719 2358
247 2362
2876 2362
1593 2363
634 2366
1331 2366
1549 2366
2602 2366
1335 2367
1829 2367
437 2368
607 2370
1931 2370
2191 2370
2645 2370
3121 2370
3388 2370
1184 2372
232 2375
2493 2375
2924 2378
3257 2379
2791 2383
3040 2387
1976 2392
1370 2394
2012 2394
2793 2394
2783 2397
1123 2398
703 2400
823 2400
829 2400
3180 2400
634 2401
1372 2402
1457 2402
1940 2402
2526 2402
2927 2402
20 2410
233 2410
903 2410
986 2410
1368 2410
1627 2410
398 2412
496 2413
1308 2413
1631 2415
664 2417
703 2417
299 2420
2545 2420
299 2421
2816 2421
3020 2421
3362 2423
551 2424
428 2425
2503 2430
3053 2430
89 2431
2287 2431
2722 2431
1801 2432
1075 2433
2075 2433
1160 2438
1367 2438
2739 2439
844 2442
625 2443
1921 2443
3051 2445
646 2446
2287 2446
2722 2446
504 2448
3340 2449
1414 2450
2815 2451
3063 2451
1214 2452
1421 2452
1771 2452
1870 2452
1883 2452
2101 2452
2842 2452
1129 2453
2142 2453
2005 2455
617 2458
757 2458
1527 2458
1566 2458
2101 2458
2800 2458
1801 2460
1061 2465
1360 2465
1877 2465
2655 2466
101 2468
299 2468
810 2469
120 2471
695 2474
3112 2474
2188 2475
1513 2476
2220 2476
2817 2476
291 2477
117 2478
769 2478
1352 2481
3186 2481
1849 2483
306 2484
3377 2485
3311 2486
2184 2488
1845 2490
3280 2491
1715 2492
2595 2492
2685 2492
2853 2492
2979 2492
3038 2492
3043 2492
3221 2492
2375 2493
2696 2493
3150 2493
493 2496
1303 2498
753 2500
2430 2503
2668 2505
3308 2505
694 2508
1289 2508
1363 2510
3230 2512
1286 2514
1189 2516
2172 2518
35 2523
2196 2523
655 2526
2154 2526
2402 2526
2665 2526
2846 2526
1551 2528
193 2529
2654 2529
2655 2529
863 2530
2673 2533
59 2535
1849 2537
653 2539
1707 2539
1398 2541
2420 2545
1065 2546
1839 2546
2798 2546
3208 2546
335 2549
345 2549
1106 2549
1123 2549
1572 2549
1810 2549
1849 2549
1944 2549
2325 2549
465 2550
491 2550
2099 2550
1915 2551
2897 2551
2876 2553
169 2555
299 2557
3080 2558
765 2559
1129 2559
1160 2559
1222 2559
1682 2559
2784 2559
1849 2562
2153 2565
2875 2565
2172 2570
937 2571
2945 2572
3345 2572
1428 2573
2958 2573
3345 2574
1435 2578
1972 2579
698 2580
1363 2582
206 2583
117 2584
405 2584
1791 2584
2076 2584
2659 2584
2833 2589
1167 2591
2810 2594
752 2595
1891 2595
2492 2595
1753 2597
2366 2602
796 2603
1545 2604
3198 2604
958 2607
3029 2608
2101 2612
1131 2613
3186 2613
1003 2614
2245 2617
3127 2617
2960 2618
1627 2626
258 2630
491 2630
687 2630
1765 2630
2099 2630
2257 2630
2778 2630
3381 2630
753 2634
1321 2638
298 2639
2879 2639
1862 2640
1424 2642
2055 2642
1420 2644
1663 2644
2172 2644
2370 2645
1222 2651
3020 2651
2715 2652
2529 2654
2111 2655
2466 2655
2529 2655
1810 2658
2050 2658
2275 2658
3296 2658
291 2659
2076 2659
2584 2659
3387 2664
169 2665
782 2665
1495 2665
1891 2665
2526 2665
2758 2665
2884 2665
3043 2665
1377 2666
118 2667
1511 2667
338 2668
2505 2668
2172 2670
169 2671
374 2671
1715 2671
2884 2671
2533 2673
2730 2676
59 2679
169 2683
1280 2683
2492 2685
1765 2687
1051 2691
694 2693
1762 2693
89 2696
232 2696
1000 2696
1005 2696
1332 2696
1345 2696
1679 2696
2282 2696
2493 2696
3078 2696
3158 2696
2747 2697
659 2701
2305 2701
2863 2701
3274 2701
3319 2702
1541 2703
2922 2705
3308 2705
584 2709
1976 2711
1787 2715
2652 2715
2884 2715
3212 2715
1715 2717
3305 2717
3171 2721
3175 2721
724 2722
2431 2722
2446 2722
2999 2722
20 2723
600 2726
2099 2726
299 2730
2676 2730
1321 2732
2846 2732
2964 2732
164 2734
1470 2734
1525 2735
2739 2735
233 2737
1249 2739
2107 2739
2439 2739
2735 2739
769 2740
662 2745
2182 2745
491 2746
2697 2747
59 2751
2082 2755
2665 2758
1074 2773
1392 2773
2132 2776
2630 2778
3356 2778
2245 2782
1478 2783
2397 2783
2559 2784
1460 2786
295 2790
1292 2790
1995 2790
2082 2790
2810 2790
2383 2791
2394 2793
703 2794
3060 2794
703 2795
3028 2795
664 2798
1363 2798
2546 2798
2876 2798
3064 2798
433 2799
487 2799
1353 2799
1936 2799
2182 2799
2190 2799
1099 2800
1527 2800
2458 2800
2191 2802
1629 2803
1715 2803
3029 2804
2154 2808
381 2810
482 2810
1006 2810
1075 2810
1131 2810
1294 2810
1489 2810
2055 2810
2082 2810
2247 2810
2594 2810
2790 2810
2828 2810
2831 2810
3088 2810
3154 2810
1083 2811
59 2812
2349 2812
2259 2813
2451 2815
2165 2816
2421 2816
1740 2817
2476 2817
1004 2821
1703 2821
1272 2825
1323 2825
1925 2825
2101 2825
3112 2825
169 2826
823 2826
2810 2828
117 2829
190 2829
448 2829
617 2829
695 2829
1297 2829
1477 2829
1700 2829
2101 2829
2114 2829
2267 2829
2842 2829
3112 2829
3319 2830
295 2831
458 2831
1006 2831
1154 2831
1292 2831
2247 2831
2356 2831
2810 2831
183 2833
742 2833
2589 2833
295 2835
458 2835
1292 2835
174 2836
1534 2836
2907 2836
2039 2840
2452 2842
2829 2842
1217 2844
3202 2844
1505 2846
2526 2846
2732 2846
2979 2846
1963 2849
690 2853
790 2853
825 2853
1428 2853
1777 2853
2092 2853
2492 2853
3386 2853
1604 2856
20 2859
299 2859
1838 2859
1963 2859
15 2861
1684 2861
2701 2863
1494 2864
939 2868
2227 2869
83 2872
2172 2874
2565 2875
713 2876
2021 2876
2362 2876
2553 2876
2798 2876
3171 2876
3317 2876
3378 2876
3384 2876
1925 2877
2639 2879
1282 2883
703 2884
782 2884
1401 2884
1551 2884
2665 2884
2671 2884
2715 2884
3116 2884
456 2885
888 2892
1228 2895
2551 2897
1154 2898
1292 2898
3305 2899
323 2900
573 2900
1368 2900
2165 2900
3020 2900
750 2901
2116 2901
1006 2902
1292 2902
1368 2902
1191 2903
183 2904
701 2904
2964 2904
299 2906
2836 2907
299 2908
1077 2909
217 2910
888 2914
149 2916
2089 2919
2705 2922
2378 2924
80 2925
784 2925
1304 2925
1123 2926
496 2927
706 2927
1259 2927
1512 2927
2402 2927
3263 2927
3375 2927
679 2929
1849 2929
1370 2934
413 2943
1877 2944
2572 2945
357 2946
1003 2946
1215 2946
1038 2951
1138 2952
59 2953
109 2955
1856 2956
2245 2957
2573 2958
2618 2960
2732 2964
2904 2964
706 2979
2492 2979
2846 2979
3335 2985
844 2986
122 2989
3308 2990
2123 2991
3151 2991
594 2996
717 2999
1912 2999
2722 2999
1656 3005
2012 3005
3060 3005
1150 3006
1342 3006
1715 3006
3038 3006
3069 3006
738 3007
504 3010
2013 3015
410 3020
698 3020
1503 3020
2421 3020
2651 3020
2900 3020
1887 3024
2068 3025
1818 3026
2795 3028
477 3029
642 3029
685 3029
872 3029
1993 3029
2608 3029
2804 3029
299 3030
612 3030
1851 3033
3328 3036
490 3038
496 3038
1190 3038
1381 3038
2492 3038
3006 3038
169 3039
731 3040
2387 3040
316 3043
706 3043
1317 3043
1321 3043
1363 3043
1688 3043
2492 3043
2665 3043
1629 3045
805 3051
1932 3051
2445 3051
3274 3051
3380 3051
2430 3053
2322 3057
1870 3058
1959 3058
373 3060
501 3060
730 3060
782 3060
1520 3060
2794 3060
3005 3060
3232 3060
299 3062
433 3062
2451 3063
2798 3064
1118 3066
3006 3069
1113 3078
1694 3078
2696 3078
2558 3080
336 3082
730 3082
1317 3082
1610 3082
2084 3086
295 3088
458 3088
709 3088
1154 3088
1292 3088
2247 3088
2810 3088
3114 3088
650 3089
460 3090
633 3092
1035 3092
1696 3092
2241 3092
863 3097
120 3101
1812 3103
1839 3103
2012 3103
209 3105
1573 3105
2276 3110
1694 3111
117 3112
757 3112
1513 3112
1527 3112
2101 3112
2167 3112
2474 3112
2825 3112
2829 3112
1292 3114
1294 3114
2055 3114
3088 3114
2884 3116
1308 3118
836 3120
2370 3121
1152 3122
1815 3122
3348 3124
1170 3125
472 3127
1218 3127
1975 3127
2046 3127
2617 3127
3155 3127
3305 3127
2111 3129
329 3131
121 3136
679 3137
1129 3137
1945 3139
2262 3139
2160 3142
1007 3143
1849 3144
126 3146
288 3147
349 3147
507 3147
1083 3147
2151 3149
299 3150
2493 3150
1323 3151
2991 3151
1075 3154
2810 3154
47 3155
3127 3155
462 3156
1813 3156
2696 3158
275 3162
1849 3166
1694 3168
2082 3168
683 3171
2721 3171
2876 3171
3316 3171
299 3174
2721 3175
2186 3176
3281 3176
2082 3179
3377 3179
1891 3180
2066 3180
2400 3180
320 3181
1715 3181
208 3186
1184 3186
2190 3186
2481 3186
2613 3186
3202 3186
2172 3191
1201 3193
300 3194
2020 3198
2604 3198
66 3199
523 3202
1611 3202
2844 3202
3186 3202
694 3204
170 3208
2546 3208
1326 3209
1553 3209
2038 3209
2715 3212
1835 3215
1728 3217
169 3221
2492 3221
2107 3224
668 3227
1031 3228
1813 3228
2325 3228
702 3229
1316 3230
2512 3230
3305 3231
373 3232
713 3232
3060 3232
2287 3236
181 3239
2188 3239
150 3245
299 3246
36 3248
1849 3252
2172 3257
2379 3257
1323 3258
1403 3263
2927 3263
74 3264
3305 3268
872 3270
3311 3270
2701 3274
3051 3274
2207 3275
2188 3279
2103 3280
2491 3280
3176 3281
2111 3282
299 3288
190 3292
493 3293
911 3293
1717 3293
1915 3293
2159 3293
2658 3296
496 3298
1848 3300
232 3302
1176 3302
546 3303
185 3304
526 3305
885 3305
1057 3305
1486 3305
1530 3305
1534 3305
1548 3305
2188 3305
2230 3305
2717 3305
2899 3305
3127 3305
3231 3305
3268 3305
3386 3305
2505 3308
2705 3308
2990 3308
80 3311
313 3311
863 3311
872 3311
2486 3311
3270 3311
3171 3316
2876 3317
2201 3318
820 3319
902 3319
1184 3319
1394 3319
1944 3319
2702 3319
2830 3319
466 3324
39 3327
673 3327
3036 3328
2344 3330
3375 3334
2030 3335
2985 3335
1543 3337
1194 3339
2449 3340
2207 3343
1121 3345
1186 3345
1382 3345
2572 3345
2574 3345
2050 3346
81 3347
3124 3348
1503 3349
2082 3349
602 3350
309 3351
823 3353
291 3355
2264 3356
2778 3356
1315 3358
1317 3361
1822 3362
2423 3362
2096 3363
299 3364
1374 3365
1889 3367
1576 3369
1579 3369
3387 3370
554 3371
209 3372
1818 3372
491 3374
2927 3375
3334 3375
2485 3377
3179 3377
35 3378
989 3378
1162 3378
1316 3378
2111 3378
2876 3378
3051 3380
238 3381
2630 3381
338 3382
2876 3384
197 3385
1686 3386
1746 3386
2245 3386
2853 3386
3305 3386
1963 3387
2664 3387
3370 3387
2370 3388
