4129 1
323 2
1648 2
3598 2
2188 7
376 8
1358 13
63 15
2861 15
175 16
338 17
979 19
1536 19
1918 19
3531 19
89 20
232 20
270 20
466 20
603 20
694 20
2410 20
2723 20
2859 20
3437 20
826 24
927 29
3794 29
3918 32
3437 34
702 35
703 35
1896 35
2122 35
2523 35
3378 35
3439 35
3651 35
4122 35
3248 36
3523 37
4506 37
1861 38
3327 39
1244 40
240 42
3155 47
349 52
872 58
774 59
1181 59
1276 59
2172 59
2217 59
2535 59
2679 59
2751 59
2812 59
2953 59
3582 59
4461 59
1640 60
3891 60
15 63
1770 63
3199 66
3599 66
3817 66
655 69
2349 72
228 74
553 74
2192 74
3264 74
4146 74
4402 74
408 77
699 77
3535 77
4414 77
4510 77
2007 78
1701 79
228 80
2925 80
3311 80
3347 81
2038 82
1495 83
2872 83
1765 84
121 85
4061 85
90 88
2003 88
4322 88
20 89
546 89
597 89
1191 89
1682 89
1944 89
2431 89
2696 89
3461 89
3688 89
3972 89
4162 89
88 90
1112 91
1486 91
1582 91
1987 91
4355 91
1787 93
1311 94
805 96
1039 100
299 101
1934 101
2099 101
2293 101
2468 101
4162 101
4302 101
406 102
233 103
2165 103
3988 103
4162 103
117 104
567 104
1043 104
1440 104
2955 109
694 110
554 111
3942 111
841 112
3883 114
104 117
308 117
405 117
805 117
1169 117
1323 117
1870 117
2306 117
2478 117
2584 117
2829 117
3112 117
4053 117
4463 117
2667 118
2471 120
3101 120
85 121
3136 121
2989 122
4060 122
2091 123
1642 125
2142 125
4372 125
1539 126
3146 126
3636 126
4214 126
4495 126
338 127
4491 127
3458 131
370 136
4162 138
2219 140
4275 141
149 144
1170 144
3815 145
1058 148
144 149
2916 149
3245 150
1363 152
2245 154
4299 162
2734 164
3683 164
470 165
971 165
338 167
1145 167
2185 167
3824 167
703 169
782 169
2555 169
2665 169
2671 169
2683 169
2826 169
3039 169
3221 169
3855 169
316 170
1065 170
3208 170
4122 172
466 173
1769 174
2836 174
16 175
1237 178
612 179
3239 181
3460 181
3471 181
294 183
782 183
1224 183
1512 183
1574 183
2175 183
2239 183
2833 183
2904 183
3408 183
4145 183
1572 184
3304 185
702 186
1170 186
385 190
448 190
1169 190
1513 190
2829 190
3292 190
3783 190
4322 190
195 192
2529 193
192 195
1572 196
3385 197
3783 200
4252 202
3652 205
2583 206
1353 208
1838 208
2287 208
3186 208
4162 208
1531 209
1821 209
3105 209
3372 209
4060 209
3494 211
4140 211
2207 216
1051 217
2910 217
3885 218
1883 219
2130 220
2336 221
4402 221
1753 222
1872 222
1839 223
74 228
80 228
553 228
935 228
1851 228
3492 228
3593 228
3866 228
1371 231
4183 231
20 232
544 232
734 232
750 232
1105 232
1503 232
1985 232
2228 232
2375 232
2696 232
3302 232
3688 232
4139 232
4162 232
103 233
844 233
1211 233
2410 233
2737 233
3495 233
3604 233
3892 234
1382 235
1849 236
1503 238
3381 238
42 240
1448 240
1558 240
730 241
3739 242
3463 244
1169 245
3463 246
2362 247
2311 248
4162 250
1523 251
1754 252
4282 252
2172 256
299 257
2630 258
4484 259
1654 260
4260 260
1574 268
20 270
491 270
1434 270
2293 273
3162 275
4247 276
338 277
1691 278
1877 278
888 279
1747 279
363 280
895 280
1467 280
2060 280
1006 281
2116 281
3518 281
4489 281
1685 283
2038 287
3147 288
467 290
1381 290
3768 290
448 291
617 291
2477 291
2659 291
3355 291
183 294
1308 294
381 295
482 295
1006 295
1075 295
1294 295
1368 295
2055 295
2082 295
2247 295
2790 295
2831 295
2835 295
3088 295
4099 295
2639 298
101 299
257 299
348 299
411 299
420 299
548 299
574 299
698 299
912 299
1016 299
1096 299
1106 299
1376 299
1498 299
1694 299
1712 299
1792 299
1936 299
2037 299
2143 299
2207 299
2274 299
2315 299
2420 299
2421 299
2468 299
2557 299
2730 299
2859 299
2906 299
2908 299
3030 299
3062 299
3150 299
3174 299
3246 299
3288 299
3364 299
3422 299
3452 299
3584 299
3587 299
3680 299
3812 299
3842 299
3995 299
4051 299
4233 299
4326 299
4394 299
4473 299
4478 299
4496 299
3194 300
2013 302
695 306
2484 306
117 308
3351 309
3941 309
617 310
4379 310
1883 311
3311 313
1877 314
170 316
3043 316
3426 316
3744 317
361 318
1535 318
3531 318
3181 320
2 323
2900 323
3676 323
688 328
3131 329
531 332
2190 334
2204 334
3497 334
1366 335
2549 335
3972 335
3082 336
2172 337
17 338
127 338
167 338
277 338
504 338
853 338
898 338
988 338
1509 338
1727 338
2158 338
2668 338
3382 338
3786 338
3824 338
694 340
1435 341
4056 343
2549 345
299 348
1221 348
1336 348
4051 348
52 349
3147 349
2320 352
2946 357
318 361
280 363
926 366
136 370
1987 370
1298 373
2100 373
3060 373
3232 373
2671 374
8 376
1633 376
562 378
505 380
937 380
295 381
458 381
564 381
1446 381
2810 381
1365 384
1733 384
190 385
1634 387
1489 389
1870 390
1353 393
1847 398
2412 398
480 400
1170 400
728 402
493 403
1818 403
3570 403
4023 403
117 405
1870 405
1883 405
2584 405
3434 405
4322 405
102 406
3482 406
77 408
750 410
3020 410
3688 410
3972 410
4162 410
299 411
2293 413
2943 413
299 420
1700 423
1823 426
2425 428
679 431
750 433
1367 433
1888 433
2799 433
3062 433
3735 433
3815 433
3972 433
4162 433
4252 433
4345 433
3733 434
1714 436
2295 436
2368 437
1666 443
651 447
190 448
291 448
1477 448
1883 448
2267 448
2829 448
4433 448
556 449
2029 450
3963 451
1307 453
2885 456
2316 457
381 458
1849 458
2055 458
2831 458
2835 458
3088 458
4099 458
1162 460
3090 460
4301 461
3156 462
3988 462
1005 465
1135 465
2190 465
2550 465
3750 465
20 466
173 466
986 466
1849 466
3324 466
290 467
474 467
740 467
934 467
1282 467
1321 467
1753 467
2297 469
165 470
706 470
2188 470
3963 471
3127 472
3521 473
467 474
3426 474
4461 475
3029 477
4061 477
400 480
295 482
2810 482
506 483
2036 483
1936 487
2799 487
3959 487
1112 490
3038 490
270 491
497 491
844 491
1000 491
1184 491
1187 491
1569 491
2099 491
2207 491
2293 491
2550 491
2630 491
2746 491
3374 491
3394 491
4460 491
403 493
2496 493
3293 493
1062 496
1548 496
2332 496
2413 496
2927 496
3038 496
3298 496
3531 496
3677 496
491 497
1103 499
1465 499
1820 499
4043 499
4409 499
4423 499
790 500
3060 501
3973 502
338 504
1709 504
2448 504
3010 504
3847 504
4365 504
380 505
483 506
519 506
1381 506
3147 507
1169 508
1123 513
571 514
3877 517
506 519
2111 519
3202 523
3305 526
3609 526
332 531
4066 534
3473 539
1849 540
232 544
89 546
786 546
978 546
1572 546
2025 546
3303 546
3604 546
299 548
3972 548
1899 551
2424 551
2207 552
74 553
228 553
1464 553
1851 553
3492 553
3521 553
3593 553
3866 553
111 554
3371 554
449 556
1496 556
1975 556
378 562
2111 563
3531 563
3715 563
381 564
2267 566
104 567
1022 567
744 570
514 571
3803 571
4322 571
2900 573
299 574
2267 580
1319 582
1411 582
3541 582
2709 584
2996 594
844 595
89 597
751 600
1064 600
1810 600
2726 600
3350 602
20 603
4022 605
2370 607
2069 611
179 612
3030 612
291 617
310 617
805 617
1415 617
1477 617
1700 617
1959 617
1984 617
2114 617
2458 617
2829 617
4433 617
3704 620
3939 620
3750 621
3906 623
4484 623
2443 625
842 629
2060 629
4083 630
4056 632
3092 633
660 634
2366 634
2401 634
3752 634
1903 636
3437 636
2320 637
2209 640
3963 640
3029 642
3643 642
3878 643
680 646
2446 646
3089 650
4175 650
447 651
2539 653
69 655
664 655
1052 655
2526 655
3460 655
924 657
1087 657
1820 657
4011 658
4242 658
2701 659
634 660
3616 661
1648 662
1679 662
2179 662
2745 662
3598 662
2206 663
655 664
2417 664
2798 664
4285 664
4480 666
3227 668
3701 668
3778 670
1285 671
1856 673
2349 673
3327 673
3963 673
2272 675
1717 678
431 679
1129 679
2929 679
3137 679
3631 679
3809 679
4164 679
646 680
1559 680
1934 680
3171 683
879 684
3029 685
2630 687
328 688
1066 689
1125 689
4213 689
2853 690
3877 692
20 694
110 694
340 694
727 694
1408 694
2508 694
2693 694
3204 694
3612 694
3972 694
4489 694
306 695
813 695
1348 695
2474 695
2829 695
4322 695
4426 695
3643 697
299 698
1665 698
1712 698
2580 698
3020 698
4390 698
77 699
1072 700
2904 701
35 702
186 702
3229 702
35 703
169 703
1120 703
2400 703
2417 703
2794 703
2795 703
2884 703
2101 704
470 706
1715 706
2927 706
2979 706
3043 706
3531 706
4170 706
3088 709
1161 712
2876 713
3232 713
3877 713
1905 715
2999 717
2251 720
2323 720
3663 721
824 722
2722 724
3489 725
4060 725
1851 726
694 727
402 728
241 730
3060 730
3082 730
4042 730
3040 731
796 732
3690 733
232 734
745 734
1503 736
3007 738
3567 739
467 740
796 740
1093 741
796 742
2833 742
4123 742
3548 743
570 744
2167 744
734 745
1222 745
3988 745
3858 748
232 750
410 750
433 750
2901 750
3973 750
4030 750
4387 750
600 751
2595 752
2500 753
2634 753
3516 755
3780 755
4440 755
3437 756
805 757
1870 757
2114 757
2458 757
3112 757
2089 759
4516 764
2559 765
3802 765
3437 766
1051 769
1323 769
2305 769
2478 769
2740 769
3571 769
4266 769
1593 771
59 774
3548 774
4516 776
4099 777
169 782
183 782
2665 782
2884 782
3060 782
4203 782
2925 784
546 786
1936 786
500 790
1144 790
2853 790
3942 791
3984 793
732 796
740 796
742 796
1020 796
1111 796
1354 796
1428 796
1620 796
2603 796
96 805
117 805
617 805
757 805
1566 805
2101 805
2305 805
3051 805
4266 805
4395 805
1022 807
3714 807
4322 807
2469 810
3407 810
695 813
4203 814
3319 820
3518 820
3713 820
3946 820
1949 821
1960 823
2245 823
2400 823
2826 823
3353 823
722 824
1480 824
2003 824
3613 824
4429 824
1478 825
2853 825
24 826
3745 828
1442 829
2400 829
4243 829
4484 829
3747 834
3120 836
3418 836
4190 839
112 841
629 842
233 844
491 844
595 844
978 844
2442 844
2986 844
1575 847
1382 851
338 853
1472 853
2273 853
874 856
1753 856
3460 862
3686 862
2530 863
3097 863
3311 863
58 872
3029 872
3270 872
3311 872
856 874
1650 874
684 879
1651 881
1960 881
3305 885
279 888
1449 888
2060 888
2892 888
2914 888
280 895
338 898
1475 899
3460 899
2241 901
3319 902
2410 903
3676 903
1526 908
4047 908
3818 909
1319 910
3293 911
299 912
1851 918
1862 919
3758 919
3739 922
657 924
366 926
29 927
467 934
228 935
1916 936
380 937
2571 937
3961 938
2868 939
3419 939
4388 941
4269 946
1680 953
1878 953
3773 955
2607 958
4428 958
1870 962
2114 962
4453 963
1851 967
165 971
1051 972
546 978
844 978
1944 978
3688 978
3946 978
4030 978
19 979
3852 981
1129 983
4164 983
466 986
1185 986
1785 986
2410 986
3495 986
3679 986
3688 986
4162 986
338 988
4264 988
1319 989
3378 989
3942 997
491 1000
2696 1000
4162 1000
2111 1003
2614 1003
2946 1003
4145 1003
2019 1004
2821 1004
465 1005
1810 1005
2696 1005
281 1006
295 1006
1075 1006
1154 1006
1294 1006
2810 1006
2831 1006
2902 1006
3143 1007
3939 1007
4031 1012
4250 1012
2209 1014
299 1016
1513 1018
4322 1018
4484 1019
796 1020
567 1022
807 1022
2305 1022
3643 1023
3706 1027
4459 1027
1813 1031
3228 1031
3092 1035
4462 1035
2951 1038
100 1039
1366 1039
2222 1042
104 1043
1513 1047
217 1051
769 1051
972 1051
1700 1051
2691 1051
3464 1051
3960 1051
4260 1051
4429 1051
655 1052
3305 1057
4354 1057
148 1058
2465 1061
496 1062
3800 1062
600 1064
1187 1064
170 1065
2546 1065
689 1066
2331 1066
3686 1066
3847 1070
700 1072
2773 1074
3965 1074
295 1075
1006 1075
1154 1075
1292 1075
2055 1075
2247 1075
2433 1075
2810 1075
3154 1075
3525 1075
2909 1077
3942 1077
2041 1079
4322 1080
2811 1083
3147 1083
657 1087
1822 1092
741 1093
299 1096
1275 1096
3575 1097
2800 1099
3787 1099
3942 1101
4082 1101
499 1103
232 1105
299 1106
2339 1106
2549 1106
796 1111
91 1112
490 1112
3078 1113
1292 1116
3948 1117
3066 1118
4229 1119
703 1120
2173 1120
3460 1120
3345 1121
513 1123
1634 1123
1963 1123
2398 1123
2549 1123
2926 1123
3530 1123
1872 1124
689 1125
3745 1126
2336 1127
679 1129
983 1129
2142 1129
2453 1129
2559 1129
3137 1129
4164 1129
4401 1129
2613 1131
2810 1131
3942 1131
1415 1132
1578 1133
2196 1133
465 1135
2186 1135
3604 1135
4077 1135
1667 1137
2952 1138
4114 1140
3886 1142
790 1144
1551 1144
3543 1144
4244 1144
167 1145
2038 1147
3006 1150
1815 1152
3122 1152
3531 1153
1006 1154
1075 1154
1294 1154
2055 1154
2831 1154
2898 1154
3088 1154
4099 1154
2438 1160
2559 1160
712 1161
1765 1161
460 1162
1442 1162
1956 1162
3378 1162
3463 1162
3908 1162
4465 1162
2591 1167
117 1169
190 1169
245 1169
508 1169
1703 1169
4093 1169
144 1170
186 1170
400 1170
2111 1170
3125 1170
3721 1170
2099 1176
3302 1176
1543 1179
59 1181
1618 1181
2026 1181
491 1184
2372 1184
3186 1184
3319 1184
3758 1184
4003 1184
986 1185
3345 1186
491 1187
1064 1187
2082 1187
2516 1189
1877 1190
3038 1190
89 1191
1836 1191
2903 1191
4484 1192
3339 1194
3568 1198
3193 1201
1249 1203
2060 1204
2344 1205
4340 1205
4399 1205
4496 1205
1366 1206
1994 1207
4172 1210
233 1211
1674 1211
2452 1214
2946 1215
2844 1217
1372 1218
2062 1218
3127 1218
348 1221
745 1222
2559 1222
2651 1222
3584 1222
3973 1222
4517 1222
183 1224
2895 1228
178 1237
3852 1239
40 1244
1370 1244
2134 1244
3460 1244
4482 1247
1203 1249
2739 1249
1985 1252
2035 1252
2139 1254
1523 1257
1551 1259
1580 1259
2927 1259
1932 1262
3655 1263
3942 1266
4484 1267
2069 1269
1407 1272
2305 1272
2825 1272
4047 1272
1096 1275
1902 1275
59 1276
2683 1280
467 1282
1342 1282
1636 1282
2012 1282
2883 1282
4484 1282
671 1285
2514 1286
2508 1289
3587 1289
2207 1290
1075 1292
1116 1292
1294 1292
1368 1292
2055 1292
2082 1292
2790 1292
2831 1292
2835 1292
2898 1292
2902 1292
3088 1292
3114 1292
4068 1292
4099 1292
4453 1292
295 1294
1006 1294
1154 1294
1292 1294
1995 1294
2247 1294
2810 1294
3114 1294
3525 1294
1771 1297
2829 1297
4053 1297
373 1298
4271 1298
1934 1299
2279 1300
1560 1303
2498 1303
2925 1304
3548 1305
453 1307
4104 1307
294 1308
2413 1308
3118 1308
4176 1308
94 1311
3358 1315
3230 1316
3378 1316
3463 1316
3043 1317
3082 1317
3361 1317
4243 1317
582 1319
910 1319
989 1319
3413 1319
3460 1319
3984 1320
467 1321
2638 1321
2732 1321
3043 1321
3447 1321
3535 1321
3592 1321
4384 1321
2330 1322
117 1323
769 1323
1932 1323
2305 1323
2825 1323
3151 1323
3258 1323
4266 1323
4320 1323
3596 1324
3209 1326
1849 1328
4478 1328
1702 1329
4311 1329
2366 1331
2696 1332
2367 1335
3496 1335
3990 1335
348 1336
3850 1338
1282 1342
1514 1342
1891 1342
2005 1342
3006 1342
4484 1342
3437 1343
1547 1344
2696 1345
695 1348
2013 1348
2481 1352
208 1353
393 1353
1838 1353
1936 1353
2182 1353
2799 1353
3959 1353
4291 1353
796 1354
13 1358
2187 1358
4235 1359
2465 1360
3585 1361
152 1363
1381 1363
2266 1363
2510 1363
2582 1363
2798 1363
3043 1363
3460 1363
3531 1363
3798 1363
4413 1363
384 1365
335 1366
1039 1366
1206 1366
1849 1366
4003 1366
4309 1366
433 1367
2438 1367
3663 1367
295 1368
1292 1368
2410 1368
2900 1368
2902 1368
4300 1368
1441 1369
1244 1370
2111 1370
2394 1370
2934 1370
231 1371
1218 1372
2402 1372
1731 1374
3365 1374
299 1376
2207 1376
2666 1377
4296 1378
290 1381
506 1381
1363 1381
3038 1381
235 1382
851 1382
3345 1382
4207 1382
4230 1382
4279 1382
4477 1382
4205 1386
1413 1390
4018 1391
2773 1392
3319 1394
4284 1395
2541 1398
3976 1399
2884 1401
3263 1403
1272 1407
2305 1407
694 1408
582 1411
1631 1412
1390 1413
1750 1414
2450 1414
3472 1414
3942 1414
617 1415
1132 1415
2172 1420
2349 1420
2644 1420
2452 1421
4429 1421
4322 1422
2642 1424
796 1428
1628 1428
1928 1428
2573 1428
2853 1428
3463 1428
4443 1431
270 1434
341 1435
2578 1435
104 1440
1369 1441
3847 1441
829 1442
1162 1442
381 1446
240 1448
888 1449
3769 1450
1988 1454
2402 1457
2786 1460
553 1464
499 1465
280 1467
2734 1470
853 1472
3818 1473
3660 1474
899 1475
448 1477
617 1477
1513 1477
2829 1477
825 1478
2783 1478
4206 1478
1647 1479
2195 1479
824 1480
3846 1485
91 1486
3305 1486
3714 1487
389 1489
2810 1489
1839 1492
3942 1493
2864 1494
83 1495
1733 1495
1857 1495
2665 1495
556 1496
2012 1496
4095 1496
299 1498
1744 1498
4232 1501
232 1503
238 1503
736 1503
1679 1503
2096 1503
3020 1503
3349 1503
3587 1503
3815 1503
3973 1503
2846 1505
3491 1507
1960 1508
338 1509
2217 1511
2667 1511
4173 1511
183 1512
2927 1512
190 1513
1018 1513
1047 1513
1477 1513
1870 1513
1925 1513
2114 1513
2163 1513
2167 1513
2476 1513
3112 1513
1342 1514
1801 1515
3060 1520
251 1523
1257 1523
1988 1523
2735 1525
908 1526
2114 1527
2458 1527
2800 1527
3112 1527
2206 1529
3305 1530
209 1531
2836 1534
3305 1534
318 1535
4404 1535
4484 1535
19 1536
126 1539
2703 1541
1179 1543
3337 1543
2604 1545
1344 1547
496 1548
3305 1548
1710 1549
2366 1549
3562 1549
3878 1549
4145 1549
1144 1551
1259 1551
1899 1551
2528 1551
2884 1551
4096 1551
4263 1552
3209 1553
1694 1557
2166 1557
240 1558
680 1559
1303 1560
805 1566
1932 1566
2123 1566
2163 1566
2458 1566
3933 1567
3889 1568
491 1569
184 1572
196 1572
546 1572
1944 1572
2549 1572
3495 1572
3663 1572
3678 1572
3688 1572
3105 1573
3746 1573
183 1574
268 1574
3658 1574
4232 1574
847 1575
3883 1575
3369 1576
1133 1578
3541 1578
3369 1579
1259 1580
3936 1580
91 1582
3820 1583
4203 1583
771 1593
1915 1593
2363 1593
3823 1593
1713 1596
1666 1597
4236 1597
1644 1603
2856 1604
2209 1607
3082 1610
3202 1611
3855 1612
2172 1616
1181 1618
796 1620
1951 1624
2410 1627
2626 1627
3596 1627
4162 1627
1428 1628
1839 1629
2803 1629
3045 1629
3837 1629
1412 1631
2415 1631
3840 1631
376 1633
1785 1633
3881 1633
387 1634
1123 1634
3671 1634
1282 1636
4404 1636
4391 1637
3879 1638
60 1640
4517 1641
125 1642
1603 1644
1479 1647
2 1648
662 1648
3598 1648
874 1650
1753 1650
881 1651
260 1654
4463 1654
2158 1655
1715 1656
2150 1656
3005 1656
3531 1656
4083 1662
2172 1663
2644 1663
2025 1664
698 1665
3437 1665
443 1666
1597 1666
1137 1667
2350 1667
2111 1670
1211 1674
3568 1676
662 1679
1503 1679
1888 1679
2179 1679
2696 1679
3604 1679
3688 1679
4162 1679
953 1680
89 1682
2559 1682
2861 1684
283 1685
3386 1686
2266 1688
3043 1688
3531 1688
278 1691
1715 1691
299 1694
1557 1694
3078 1694
3111 1694
3168 1694
3653 1694
3092 1696
423 1700
617 1700
1051 1700
1935 1700
2829 1700
3575 1700
79 1701
1329 1702
1169 1703
2821 1703
4320 1703
4392 1703
2257 1705
1849 1707
2539 1707
504 1709
1549 1710
4252 1711
299 1712
698 1712
1596 1713
436 1714
706 1715
1656 1715
1691 1715
2492 1715
2671 1715
2717 1715
2803 1715
3006 1715
3181 1715
4484 1715
678 1717
3293 1717
2358 1719
4506 1722
4414 1723
3617 1726
338 1727
3217 1728
2158 1730
1374 1731
384 1733
1495 1733
1891 1733
2266 1733
2281 1733
2817 1740
1498 1744
3386 1746
279 1747
1867 1748
1414 1750
3510 1750
222 1753
467 1753
856 1753
1650 1753
2597 1753
252 1754
2242 1758
2693 1762
84 1765
1161 1765
2048 1765
2096 1765
2247 1765
2630 1765
2687 1765
3751 1765
4489 1765
174 1769
63 1770
1790 1770
4215 1770
1297 1771
2452 1771
1798 1772
3392 1772
2853 1777
2209 1782
986 1785
1633 1785
93 1787
2715 1787
1770 1790
4294 1790
2076 1791
2584 1791
299 1792
1849 1794
1772 1798
3972 1799
1515 1801
2432 1801
2460 1801
3534 1801
4141 1808
600 1810
1005 1810
2549 1810
2658 1810
2270 1812
3103 1812
1031 1813
2325 1813
3156 1813
3228 1813
1152 1815
3122 1815
403 1818
2216 1818
3026 1818
3372 1818
499 1820
657 1820
209 1821
1092 1822
3362 1822
426 1823
2367 1829
3215 1835
4033 1835
4205 1835
1191 1836
208 1838
1353 1838
1936 1838
2182 1838
2859 1838
223 1839
1492 1839
1629 1839
2546 1839
3103 1839
3997 1839
2490 1845
398 1847
3300 1848
236 1849
458 1849
466 1849
540 1849
1328 1849
1366 1849
1707 1849
1794 1849
2008 1849
2073 1849
2099 1849
2483 1849
2537 1849
2549 1849
2562 1849
2929 1849
3144 1849
3166 1849
3252 1849
3495 1849
3678 1849
3688 1849
3751 1849
3947 1849
4162 1849
4277 1849
228 1851
553 1851
726 1851
918 1851
967 1851
3033 1851
3521 1851
3593 1851
4177 1854
673 1856
2060 1856
2217 1856
2346 1856
2956 1856
1495 1857
3655 1857
3849 1858
38 1861
919 1862
1952 1862
2640 1862
3437 1862
3758 1862
2216 1865
1748 1867
117 1870
390 1870
405 1870
757 1870
962 1870
1513 1870
2101 1870
2114 1870
2452 1870
3058 1870
3978 1870
4136 1870
4336 1870
4433 1870
222 1872
1124 1872
2114 1874
1914 1876
278 1877
314 1877
1190 1877
2188 1877
2465 1877
2944 1877
953 1878
2216 1881
219 1883
311 1883
405 1883
448 1883
2306 1883
2452 1883
2027 1886
3024 1887
433 1888
1679 1888
2356 1889
3367 1889
1342 1891
1733 1891
2005 1891
2595 1891
2665 1891
3180 1891
3652 1891
4091 1891
4404 1891
4022 1894
2280 1895
35 1896
3888 1897
551 1899
1551 1899
2092 1899
4311 1899
2111 1900
3857 1900
1275 1902
4450 1902
636 1903
715 1905
1913 1905
2312 1907
2999 1912
1905 1913
3706 1913
1876 1914
1593 1915
2551 1915
3293 1915
3921 1915
4315 1915
936 1916
19 1918
2443 1921
1513 1925
2825 1925
2877 1925
4047 1925
1428 1928
2370 1931
1262 1932
1323 1932
1566 1932
3051 1932
101 1934
680 1934
1299 1934
2242 1934
3972 1934
4162 1934
1700 1935
299 1936
487 1936
786 1936
1353 1936
1838 1936
2799 1936
3959 1936
4291 1936
2402 1940
2089 1941
89 1944
978 1944
1572 1944
2285 1944
2325 1944
2549 1944
3319 1944
3598 1944
4291 1944
1958 1945
3139 1945
3668 1945
821 1949
1624 1951
1862 1952
3758 1952
1162 1956
1945 1958
617 1959
3058 1959
823 1960
881 1960
1508 1960
3683 1960
3779 1960
3903 1960
1123 1963
2849 1963
2859 1963
3387 1963
3935 1963
3575 1969
4263 1969
2579 1972
556 1975
3127 1975
2392 1976
2711 1976
3775 1978
3792 1978
2349 1982
617 1984
232 1985
1252 1985
2041 1985
3437 1985
91 1987
370 1987
1454 1988
1523 1988
3515 1988
4128 1988
4298 1988
3029 1993
1207 1994
1294 1995
2790 1995
4103 2001
88 2003
824 2003
4322 2003
1342 2005
1891 2005
2266 2005
2455 2005
78 2007
1849 2008
1282 2012
1496 2012
2239 2012
2394 2012
3005 2012
3103 2012
302 2013
1348 2013
3015 2013
3575 2014
1004 2019
2253 2019
3198 2020
2876 2021
546 2025
1664 2025
2142 2025
1181 2026
4056 2026
1886 2027
450 2029
2331 2029
3335 2030
4035 2032
1252 2035
483 2036
299 2037
4068 2037
82 2038
287 2038
1147 2038
3209 2038
3408 2038
3998 2038
2840 2039
1079 2041
1985 2041
3127 2046
3413 2046
1765 2048
4033 2049
2658 2050
3346 2050
3806 2051
295 2055
458 2055
1075 2055
1154 2055
1292 2055
2082 2055
2247 2055
2642 2055
2810 2055
3114 2055
3525 2055
4099 2055
280 2060
629 2060
888 2060
1204 2060
1856 2060
3963 2060
4475 2061
1218 2062
2245 2066
3180 2066
4099 2067
3025 2068
3647 2068
4204 2068
611 2069
1269 2069
3532 2069
1849 2073
2433 2075
1791 2076
2584 2076
2659 2076
295 2082
1187 2082
1292 2082
2055 2082
2247 2082
2755 2082
2790 2082
2810 2082
3168 2082
3179 2082
3349 2082
3603 2082
3769 2082
3086 2084
759 2089
1941 2089
2919 2089
123 2091
3508 2091
1899 2092
2853 2092
3442 2095
1503 2096
1765 2096
3363 2096
101 2099
491 2099
1176 2099
1849 2099
2550 2099
2630 2099
2726 2099
3581 2099
373 2100
4271 2100
704 2101
805 2101
1870 2101
2452 2101
2458 2101
2612 2101
2825 2101
2829 2101
3112 2101
3280 2103
2739 2107
3224 2107
519 2111
563 2111
1003 2111
1170 2111
1370 2111
1670 2111
1900 2111
2188 2111
2655 2111
3129 2111
3282 2111
3378 2111
3785 2111
4092 2111
3460 2112
2189 2113
617 2114
757 2114
962 2114
1513 2114
1527 2114
1870 2114
1874 2114
2167 2114
2829 2114
3571 2114
3978 2114
4136 2114
4266 2114
281 2116
2901 2116
3924 2116
35 2122
1566 2123
2991 2123
220 2130
2776 2132
3643 2132
3689 2132
4433 2133
1244 2134
4117 2134
2310 2135
3636 2138
1254 2139
3444 2141
125 2142
1129 2142
2025 2142
2453 2142
4164 2142
299 2143
4489 2144
3875 2145
1656 2150
4176 2150
3149 2151
2565 2153
2526 2154
2808 2154
4384 2154
338 2158
1655 2158
1730 2158
2216 2159
3293 2159
3142 2160
4281 2161
1513 2163
1566 2163
4322 2163
103 2165
2816 2165
2900 2165
1557 2166
744 2167
1513 2167
2114 2167
3112 2167
59 2172
256 2172
337 2172
1420 2172
1616 2172
1663 2172
2234 2172
2349 2172
2518 2172
2570 2172
2644 2172
2670 2172
2874 2172
3191 2172
3257 2172
4056 2172
4360 2172
4498 2172
1120 2173
183 2175
662 2179
1679 2179
4022 2181
1353 2182
1838 2182
2745 2182
2799 2182
3959 2182
4291 2182
2488 2184
167 2185
1135 2186
3176 2186
3604 2186
4077 2186
1358 2187
3857 2187
7 2188
470 2188
1877 2188
2111 2188
2245 2188
2475 2188
3239 2188
3279 2188
3305 2188
2113 2189
334 2190
465 2190
2799 2190
3186 2190
3579 2190
4087 2190
2341 2191
2370 2191
2802 2191
74 2192
4484 2193
1479 2195
1133 2196
2523 2196
3318 2201
334 2204
663 2206
1529 2206
216 2207
299 2207
491 2207
552 2207
1290 2207
1376 2207
3275 2207
3343 2207
3513 2207
3739 2207
640 2209
1014 2209
1607 2209
1782 2209
2255 2209
2300 2209
3582 2209
4070 2209
4109 2209
4165 2209
4251 2209
4272 2209
4375 2209
4322 2213
4449 2214
3812 2215
1818 2216
1865 2216
1881 2216
2159 2216
4210 2216
59 2217
1511 2217
1856 2217
140 2219
4029 2219
2476 2220
4045 2221
1042 2222
2869 2227
4098 2227
232 2228
3604 2228
4003 2228
3305 2230
2172 2234
183 2239
2012 2239
901 2241
3092 2241
1758 2242
1934 2242
154 2245
823 2245
2066 2245
2188 2245
2617 2245
2782 2245
2957 2245
3386 2245
4337 2245
295 2247
1075 2247
1294 2247
1765 2247
2055 2247
2082 2247
2810 2247
2831 2247
3088 2247
4099 2247
720 2251
2019 2253
2209 2255
1705 2257
2630 2257
2813 2259
3139 2262
3356 2264
1363 2266
1688 2266
1733 2266
2005 2266
448 2267
566 2267
580 2267
2829 2267
4448 2267
1812 2270
3431 2270
4124 2271
675 2272
853 2273
299 2274
2658 2275
3110 2276
1300 2279
3974 2279
1895 2280
1733 2281
2696 2282
1944 2285
3472 2285
3621 2285
208 2287
2431 2287
2446 2287
3236 2287
3663 2287
3688 2287
4162 2287
3469 2289
101 2293
273 2293
413 2293
491 2293
4030 2293
4087 2293
436 2295
469 2297
2324 2297
4280 2297
2209 2300
3857 2303
3731 2304
769 2305
805 2305
1022 2305
1272 2305
1323 2305
1407 2305
2701 2305
3889 2305
3984 2305
4320 2305
117 2306
1883 2306
4051 2308
2135 2310
248 2311
1907 2312
299 2315
457 2316
352 2320
637 2320
3057 2322
720 2323
2297 2324
1813 2325
1944 2325
2549 2325
3228 2325
3835 2325
3463 2327
1322 2330
1066 2331
2029 2331
496 2332
221 2336
1127 2336
4402 2336
1106 2339
2191 2341
1205 2344
3330 2344
4496 2344
1856 2346
72 2349
673 2349
1420 2349
1982 2349
2172 2349
2812 2349
3582 2349
4109 2349
4272 2349
4375 2349
1667 2350
3857 2351
1889 2356
2831 2356
1719 2358
247 2362
2876 2362
4145 2362
1593 2363
634 2366
1331 2366
1549 2366
2602 2366
3531 2366
3683 2366
3878 2366
1335 2367
1829 2367
3874 2367
3990 2367
437 2368
4431 2369
607 2370
1931 2370
2191 2370
2645 2370
3121 2370
3388 2370
4516 2371
1184 2372
232 2375
2493 2375
3604 2375
4387 2375
2924 2378
3257 2379
2791 2383
3936 2384
3040 2387
1976 2392
4194 2392
1370 2394
2012 2394
2793 2394
2783 2397
1123 2398
3988 2398
703 2400
823 2400
829 2400
3180 2400
634 2401
1372 2402
1457 2402
1940 2402
2526 2402
2927 2402
3737 2402
3837 2402
20 2410
233 2410
903 2410
986 2410
1368 2410
1627 2410
398 2412
496 2413
1308 2413
1631 2415
3827 2416
664 2417
703 2417
4433 2419
299 2420
2545 2420
299 2421
2816 2421
3020 2421
3942 2421
3362 2423
551 2424
428 2425
3942 2428
2503 2430
3053 2430
89 2431
2287 2431
2722 2431
4387 2431
1801 2432
1075 2433
2075 2433
4319 2437
1160 2438
1367 2438
2739 2439
844 2442
625 2443
1921 2443
3051 2445
646 2446
2287 2446
2722 2446
504 2448
3340 2449
1414 2450
2815 2451
3063 2451
1214 2452
1421 2452
1771 2452
1870 2452
1883 2452
2101 2452
2842 2452
3575 2452
1129 2453
2142 2453
4003 2453
4164 2453
2005 2455
3852 2457
617 2458
757 2458
1527 2458
1566 2458
2101 2458
2800 2458
4395 2458
1801 2460
1061 2465
1360 2465
1877 2465
2655 2466
101 2468
299 2468
810 2469
3407 2469
3548 2470
120 2471
695 2474
3112 2474
2188 2475
1513 2476
2220 2476
2817 2476
4322 2476
291 2477
117 2478
769 2478
1352 2481
3186 2481
1849 2483
306 2484
4429 2484
3377 2485
3311 2486
3509 2486
2184 2488
3719 2488
1845 2490
3280 2491
1715 2492
2595 2492
2685 2492
2853 2492
2979 2492
3038 2492
3043 2492
3221 2492
3531 2492
4404 2492
2375 2493
2696 2493
3150 2493
493 2496
1303 2498
753 2500
3688 2501
2430 2503
3555 2503
2668 2505
3308 2505
694 2508
1289 2508
1363 2510
4117 2510
3230 2512
1286 2514
1189 2516
2172 2518
4307 2520
3956 2521
35 2523
2196 2523
3460 2525
655 2526
2154 2526
2402 2526
2665 2526
2846 2526
3936 2526
4157 2526
1551 2528
193 2529
2654 2529
2655 2529
863 2530
2673 2533
59 2535
1849 2537
653 2539
1707 2539
1398 2541
2420 2545
1065 2546
1839 2546
2798 2546
3208 2546
335 2549
345 2549
1106 2549
1123 2549
1572 2549
1810 2549
1849 2549
1944 2549
2325 2549
3598 2549
3794 2549
3973 2549
4164 2549
465 2550
491 2550
2099 2550
3394 2550
1915 2551
2897 2551
2876 2553
169 2555
299 2557
3080 2558
765 2559
1129 2559
1160 2559
1222 2559
1682 2559
2784 2559
3604 2559
3678 2559
3688 2559
3852 2559
3973 2559
1849 2562
2153 2565
2875 2565
3548 2568
2172 2570
937 2571
2945 2572
3345 2572
1428 2573
2958 2573
3955 2573
3345 2574
1435 2578
1972 2579
698 2580
3412 2581
1363 2582
206 2583
117 2584
405 2584
1791 2584
2076 2584
2659 2584
2833 2589
1167 2591
4243 2593
2810 2594
752 2595
1891 2595
2492 2595
4484 2595
1753 2597
3531 2599
3522 2600
2366 2602
796 2603
1545 2604
3198 2604
4096 2605
958 2607
3029 2608
2101 2612
4093 2612
1131 2613
3186 2613
3564 2613
4162 2613
4387 2613
1003 2614
3846 2615
4301 2615
2245 2617
3127 2617
2960 2618
1627 2626
3744 2626
258 2630
491 2630
687 2630
1765 2630
2099 2630
2257 2630
2778 2630
3381 2630
753 2634
1321 2638
298 2639
2879 2639
1862 2640
3936 2641
1424 2642
2055 2642
1420 2644
1663 2644
2172 2644
2370 2645
1222 2651
3020 2651
3495 2651
3972 2651
4162 2651
2715 2652
2529 2654
2111 2655
2466 2655
2529 2655
1810 2658
2050 2658
2275 2658
3296 2658
3797 2658
291 2659
2076 2659
2584 2659
3601 2663
3387 2664
169 2665
782 2665
1495 2665
1891 2665
2526 2665
2758 2665
2884 2665
3043 2665
3562 2665
4088 2665
4484 2665
1377 2666
3520 2666
4099 2666
118 2667
1511 2667
338 2668
2505 2668
2172 2670
169 2671
374 2671
1715 2671
2884 2671
3460 2671
3725 2671
2533 2673
2730 2676
59 2679
169 2683
1280 2683
3914 2683
4484 2683
2492 2685
1765 2687
4164 2688
1051 2691
694 2693
1762 2693
3518 2693
3750 2694
89 2696
232 2696
1000 2696
1005 2696
1332 2696
1345 2696
1679 2696
2282 2696
2493 2696
3078 2696
3158 2696
4187 2696
4387 2696
4460 2696
2747 2697
3942 2697
659 2701
2305 2701
2863 2701
3274 2701
3319 2702
3596 2702
1541 2703
2922 2705
3308 2705
4236 2705
584 2709
1976 2711
1787 2715
2652 2715
2884 2715
3212 2715
1715 2717
3305 2717
3876 2718
3171 2721
3175 2721
724 2722
2431 2722
2446 2722
2999 2722
3495 2722
3973 2722
20 2723
4418 2724
600 2726
2099 2726
299 2730
2676 2730
1321 2732
2846 2732
2964 2732
4299 2732
164 2734
1470 2734
1525 2735
2739 2735
4395 2736
233 2737
1249 2739
2107 2739
2439 2739
2735 2739
769 2740
662 2745
2182 2745
491 2746
2697 2747
3688 2747
59 2751
3516 2753
2082 2755
4205 2756
2665 2758
4208 2768
1074 2773
1392 2773
2132 2776
2630 2778
3356 2778
3900 2778
3963 2780
2245 2782
1478 2783
2397 2783
2559 2784
3495 2784
4311 2785
1460 2786
4420 2788
295 2790
1292 2790
1995 2790
2082 2790
2810 2790
2383 2791
2394 2793
703 2794
3060 2794
703 2795
3028 2795
4068 2797
664 2798
1363 2798
2546 2798
2876 2798
3064 2798
3941 2798
4176 2798
433 2799
487 2799
1353 2799
1936 2799
2182 2799
2190 2799
3596 2799
4139 2799
4291 2799
4387 2799
1099 2800
1527 2800
2458 2800
2191 2802
1629 2803
1715 2803
3029 2804
2154 2808
381 2810
482 2810
1006 2810
1075 2810
1131 2810
1294 2810
1489 2810
2055 2810
2082 2810
2247 2810
2594 2810
2790 2810
2828 2810
2831 2810
3088 2810
3154 2810
3868 2810
4099 2810
4486 2810
1083 2811
59 2812
2349 2812
2259 2813
2451 2815
2165 2816
2421 2816
1740 2817
2476 2817
3611 2818
1004 2821
1703 2821
1272 2825
1323 2825
1925 2825
2101 2825
3112 2825
4322 2825
169 2826
823 2826
2810 2828
117 2829
190 2829
448 2829
617 2829
695 2829
1297 2829
1477 2829
1700 2829
2101 2829
2114 2829
2267 2829
2842 2829
3112 2829
4266 2829
3319 2830
295 2831
458 2831
1006 2831
1154 2831
1292 2831
2247 2831
2356 2831
2810 2831
3525 2831
183 2833
742 2833
2589 2833
295 2835
458 2835
1292 2835
174 2836
1534 2836
2907 2836
4439 2836
2039 2840
2452 2842
2829 2842
4322 2843
1217 2844
3202 2844
1505 2846
2526 2846
2732 2846
2979 2846
1963 2849
690 2853
790 2853
825 2853
1428 2853
1777 2853
2092 2853
2492 2853
3386 2853
3531 2853
3755 2853
3613 2854
1604 2856
20 2859
299 2859
1838 2859
1963 2859
4162 2859
15 2861
1684 2861
4110 2862
4141 2862
2701 2863
1494 2864
3638 2864
939 2868
4286 2868
2227 2869
4216 2871
83 2872
2172 2874
2565 2875
713 2876
2021 2876
2362 2876
2553 2876
2798 2876
3171 2876
3317 2876
3378 2876
3384 2876
4167 2876
4176 2876
1925 2877
2639 2879
3973 2879
4517 2879
1282 2883
703 2884
782 2884
1401 2884
1551 2884
2665 2884
2671 2884
2715 2884
3116 2884
3408 2884
4404 2884
456 2885
4330 2885
4130 2887
3437 2889
888 2892
1228 2895
3570 2895
2551 2897
1154 2898
1292 2898
3305 2899
323 2900
573 2900
1368 2900
2165 2900
3020 2900
750 2901
2116 2901
3972 2901
1006 2902
1292 2902
1368 2902
1191 2903
183 2904
701 2904
2964 2904
3539 2904
299 2906
2836 2907
299 2908
3942 2908
1077 2909
217 2910
3961 2911
3561 2912
888 2914
3548 2915
149 2916
3408 2918
4176 2918
2089 2919
4170 2919
3397 2921
2705 2922
2378 2924
80 2925
784 2925
1304 2925
3781 2925
4022 2925
1123 2926
496 2927
706 2927
1259 2927
1512 2927
2402 2927
3263 2927
3375 2927
679 2929
1849 2929
3643 2930
3792 2930
1370 2934
413 2943
1877 2944
2572 2945
357 2946
1003 2946
1215 2946
4301 2950
1038 2951
1138 2952
59 2953
109 2955
1856 2956
2245 2957
2573 2958
3801 2958
2618 2960
2732 2964
2904 2964
3713 2978
706 2979
2492 2979
2846 2979
3439 2984
3335 2985
844 2986
122 2989
3308 2990
2123 2991
3151 2991
594 2996
717 2999
1912 2999
2722 2999
3615 3001
1656 3005
2012 3005
3060 3005
1150 3006
1342 3006
1715 3006
3038 3006
3069 3006
3531 3006
3903 3006
738 3007
4189 3007
504 3010
2013 3015
3463 3019
410 3020
698 3020
1503 3020
2421 3020
2651 3020
2900 3020
3495 3020
3637 3020
3972 3020
1887 3024
4107 3024
2068 3025
1818 3026
4210 3026
2795 3028
477 3029
642 3029
685 3029
872 3029
1993 3029
2608 3029
2804 3029
3561 3029
3717 3029
3831 3029
4061 3029
299 3030
612 3030
1851 3033
3866 3033
3328 3036
3688 3037
490 3038
496 3038
1190 3038
1381 3038
2492 3038
3006 3038
169 3039
3460 3039
731 3040
2387 3040
316 3043
706 3043
1317 3043
1321 3043
1363 3043
1688 3043
2492 3043
2665 3043
4484 3043
1629 3045
3857 3045
4177 3049
805 3051
1932 3051
2445 3051
3274 3051
3380 3051
3862 3051
4263 3051
3851 3052
2430 3053
2322 3057
1870 3058
1959 3058
3746 3059
373 3060
501 3060
730 3060
782 3060
1520 3060
2794 3060
3005 3060
3232 3060
299 3062
433 3062
3470 3062
2451 3063
2798 3064
1118 3066
3006 3069
3606 3072
4370 3074
1113 3078
1694 3078
2696 3078
2558 3080
3882 3081
336 3082
730 3082
1317 3082
1610 3082
2084 3086
4055 3087
295 3088
458 3088
709 3088
1154 3088
1292 3088
2247 3088
2810 3088
3114 3088
650 3089
460 3090
633 3092
1035 3092
1696 3092
2241 3092
3641 3092
3685 3092
3717 3092
3953 3092
4022 3092
4331 3092
4402 3092
4462 3092
863 3097
4114 3099
120 3101
1812 3103
1839 3103
2012 3103
3810 3103
4167 3103
209 3105
1573 3105
3982 3107
2276 3110
1694 3111
117 3112
757 3112
1513 3112
1527 3112
2101 3112
2167 3112
2474 3112
2825 3112
2829 3112
4395 3112
1292 3114
1294 3114
2055 3114
3088 3114
4099 3114
2884 3116
1308 3118
4205 3118
3643 3119
4443 3119
836 3120
2370 3121
1152 3122
1815 3122
3348 3124
1170 3125
472 3127
1218 3127
1975 3127
2046 3127
2617 3127
3155 3127
3305 3127
3413 3127
4301 3127
3472 3128
2111 3129
329 3131
3652 3134
3936 3134
121 3136
679 3137
1129 3137
3631 3137
1945 3139
2262 3139
3932 3139
2160 3142
1007 3143
1849 3144
4495 3145
126 3146
288 3147
349 3147
507 3147
1083 3147
2151 3149
299 3150
2493 3150
1323 3151
2991 3151
1075 3154
2810 3154
4150 3154
47 3155
3127 3155
3562 3155
462 3156
1813 3156
2696 3158
3688 3158
4162 3158
275 3162
1849 3166
1694 3168
2082 3168
3653 3168
683 3171
2721 3171
2876 3171
3316 3171
3426 3171
299 3174
2721 3175
3846 3175
2186 3176
3281 3176
3988 3176
2082 3179
3377 3179
1891 3180
2066 3180
2400 3180
4484 3180
320 3181
1715 3181
3414 3181
3833 3181
3912 3181
208 3186
1184 3186
2190 3186
2481 3186
2613 3186
3202 3186
4079 3186
4390 3186
2172 3191
1201 3193
300 3194
2020 3198
2604 3198
4318 3198
66 3199
523 3202
1611 3202
2844 3202
3186 3202
4381 3202
694 3204
4117 3205
170 3208
2546 3208
3531 3208
1326 3209
1553 3209
2038 3209
2715 3212
3463 3212
1835 3215
4235 3215
1728 3217
169 3221
2492 3221
4213 3221
2107 3224
3960 3225
668 3227
1031 3228
1813 3228
2325 3228
4003 3228
702 3229
1316 3230
2512 3230
3305 3231
373 3232
713 3232
3060 3232
4205 3235
2287 3236
181 3239
2188 3239
3531 3239
150 3245
299 3246
36 3248
4263 3250
1849 3252
4444 3252
2172 3257
2379 3257
1323 3258
1403 3263
2927 3263
74 3264
3305 3268
872 3270
3311 3270
3509 3270
2701 3274
3051 3274
2207 3275
2188 3279
2103 3280
2491 3280
3176 3281
2111 3282
4192 3282
3848 3286
4056 3287
4461 3287
299 3288
190 3292
493 3293
911 3293
1717 3293
1915 3293
2159 3293
4023 3293
4331 3293
2658 3296
496 3298
1848 3300
232 3302
1176 3302
546 3303
3688 3303
185 3304
526 3305
885 3305
1057 3305
1486 3305
1530 3305
1534 3305
1548 3305
2188 3305
2230 3305
2717 3305
2899 3305
3127 3305
3231 3305
3268 3305
3386 3305
3427 3305
3538 3305
3765 3305
3930 3305
4332 3305
2505 3308
2705 3308
2990 3308
80 3311
313 3311
863 3311
872 3311
2486 3311
3270 3311
3509 3311
3596 3311
4411 3311
4022 3313
3171 3316
2876 3317
2201 3318
3529 3318
820 3319
902 3319
1184 3319
1394 3319
1944 3319
2702 3319
2830 3319
3587 3319
4327 3320
4516 3322
466 3324
4162 3324
4461 3326
39 3327
673 3327
3716 3327
3036 3328
2344 3330
3495 3330
3375 3334
2030 3335
2985 3335
4232 3335
1543 3337
1194 3339
2449 3340
2207 3343
1121 3345
1186 3345
1382 3345
2572 3345
2574 3345
3393 3345
4059 3345
2050 3346
81 3347
3124 3348
1503 3349
2082 3349
602 3350
309 3351
3846 3351
823 3353
291 3355
2264 3356
2778 3356
1315 3358
1317 3361
3426 3361
1822 3362
2423 3362
2096 3363
299 3364
1374 3365
3540 3365
4093 3366
1889 3367
1576 3369
1579 3369
3387 3370
554 3371
3454 3371
3973 3371
209 3372
1818 3372
4035 3372
491 3374
2927 3375
3334 3375
2485 3377
3179 3377
35 3378
989 3378
1162 3378
1316 3378
2111 3378
2876 3378
3051 3380
238 3381
2630 3381
338 3382
2876 3384
197 3385
1686 3386
1746 3386
2245 3386
2853 3386
3305 3386
1963 3387
2664 3387
3370 3387
3495 3387
3794 3387
4212 3387
2370 3388
3818 3390
1772 3392
3345 3393
491 3394
2550 3394
2921 3397
4086 3398
4383 3399
4323 3400
4149 3405
810 3407
2469 3407
183 3408
2038 3408
2884 3408
2918 3408
2581 3412
1319 3413
2046 3413
3127 3413
3181 3414
836 3418
939 3419
3516 3420
299 3422
3942 3422
316 3426
474 3426
3171 3426
3361 3426
3305 3427
3961 3430
2270 3431
405 3434
4322 3434
20 3437
34 3437
636 3437
756 3437
766 3437
1343 3437
1665 3437
1862 3437
1985 3437
2889 3437
3530 3437
3688 3437
3812 3437
3996 3437
4308 3437
35 3439
2984 3439
2095 3442
2141 3444
1321 3447
4412 3447
299 3452
3857 3453
3371 3454
131 3458
181 3460
655 3460
862 3460
899 3460
1120 3460
1244 3460
1319 3460
1363 3460
2112 3460
2525 3460
2671 3460
3039 3460
3754 3460
3778 3460
3825 3460
3884 3460
4414 3460
89 3461
244 3463
246 3463
1162 3463
1316 3463
1428 3463
2327 3463
3019 3463
3212 3463
3665 3463
3756 3463
3944 3463
4114 3463
1051 3464
4096 3467
2289 3469
3062 3470
181 3471
1414 3472
2285 3472
3128 3472
539 3473
406 3482
3745 3487
725 3489
4060 3489
4327 3489
1507 3491
228 3492
553 3492
211 3494
233 3495
986 3495
1572 3495
1849 3495
2651 3495
2722 3495
2784 3495
3020 3495
3330 3495
3387 3495
3973 3495
4030 3495
4252 3495
4474 3495
4517 3495
1335 3496
334 3497
3595 3503
2091 3508
2486 3509
3270 3509
3311 3509
1750 3510
2207 3513
1988 3515
755 3516
2753 3516
3420 3516
281 3518
820 3518
2693 3518
2666 3520
4099 3520
473 3521
553 3521
1851 3521
3593 3521
2600 3522
37 3523
4056 3524
1075 3525
1294 3525
2055 3525
2831 3525
3318 3529
1123 3530
3437 3530
3679 3530
19 3531
318 3531
496 3531
563 3531
706 3531
1153 3531
1363 3531
1656 3531
1688 3531
2366 3531
2492 3531
2599 3531
2853 3531
3006 3531
3208 3531
3239 3531
3677 3531
4117 3531
4484 3531
2069 3532
1801 3534
77 3535
1321 3535
3305 3538
2904 3539
3365 3540
3601 3540
582 3541
1578 3541
1144 3543
3901 3547
743 3548
774 3548
1305 3548
2470 3548
2568 3548
2915 3548
2503 3555
2912 3561
3029 3561
3895 3561
4062 3561
4085 3561
1549 3562
2665 3562
3155 3562
2613 3564
739 3567
1198 3568
1676 3568
403 3570
2895 3570
769 3571
2114 3571
4517 3572
3630 3573
1097 3575
1700 3575
1969 3575
2014 3575
2452 3575
2190 3579
2099 3581
59 3582
2209 3582
2349 3582
299 3584
1222 3584
3735 3584
1361 3585
299 3587
1289 3587
1503 3587
3319 3587
1321 3592
228 3593
553 3593
1851 3593
3521 3593
3866 3593
3503 3595
1324 3596
1627 3596
2702 3596
2799 3596
3311 3596
4411 3596
2 3598
662 3598
1648 3598
1944 3598
2549 3598
3688 3598
66 3599
2663 3601
3540 3601
2082 3603
233 3604
546 3604
1135 3604
1679 3604
2186 3604
2228 3604
2375 3604
2559 3604
3663 3604
4077 3604
3072 3606
526 3609
3770 3609
3801 3609
2818 3611
694 3612
3961 3612
824 3613
2854 3613
3001 3615
661 3616
1726 3617
2285 3621
3573 3630
679 3631
3137 3631
4060 3635
126 3636
2138 3636
3020 3637
2864 3638
4035 3640
3092 3641
3915 3641
4191 3641
642 3643
697 3643
1023 3643
2132 3643
2930 3643
3119 3643
4086 3645
3992 3646
2068 3647
3857 3649
35 3651
205 3652
1891 3652
3134 3652
4484 3652
1694 3653
3168 3653
1263 3655
1857 3655
1574 3658
3725 3658
1474 3660
721 3663
1367 3663
1572 3663
2287 3663
3604 3663
3463 3665
4480 3667
1945 3668
1634 3671
323 3676
903 3676
496 3677
3531 3677
1572 3678
1849 3678
2559 3678
4460 3678
986 3679
3530 3679
3688 3679
299 3680
164 3683
1960 3683
2366 3683
3092 3685
862 3686
1066 3686
89 3688
232 3688
410 3688
978 3688
986 3688
1572 3688
1679 3688
1849 3688
2287 3688
2501 3688
2559 3688
2747 3688
3037 3688
3158 3688
3303 3688
3437 3688
3598 3688
3679 3688
3852 3688
4291 3688
4381 3688
4387 3688
4442 3688
4460 3688
2132 3689
733 3690
3818 3691
3745 3696
668 3701
620 3704
1027 3706
1913 3706
820 3713
2978 3713
807 3714
1487 3714
3927 3714
563 3715
3327 3716
3029 3717
3092 3717
2488 3719
1170 3721
3961 3724
2671 3725
3658 3725
4142 3725
4447 3725
3876 3727
4067 3728
2304 3731
434 3733
3961 3734
433 3735
3584 3735
2402 3737
242 3739
922 3739
2207 3739
3877 3742
317 3744
2626 3744
3973 3744
4139 3744
828 3745
1126 3745
3487 3745
3696 3745
3965 3745
1573 3746
3059 3746
3959 3746
834 3747
3888 3748
465 3750
621 3750
2694 3750
4512 3750
1765 3751
1849 3751
634 3752
4067 3753
4418 3753
3460 3754
2853 3755
3463 3756
919 3758
1184 3758
1862 3758
1952 3758
3831 3762
3305 3765
290 3768
1450 3769
2082 3769
3609 3770
955 3773
3850 3774
1978 3775
670 3778
3460 3778
1960 3779
755 3780
2925 3781
190 3783
200 3783
2111 3785
3810 3785
338 3786
1099 3787
3818 3789
3825 3790
1978 3792
2930 3792
29 3794
2549 3794
3387 3794
3973 3794
2658 3797
1363 3798
1062 3800
3932 3800
2958 3801
3609 3801
3888 3801
765 3802
571 3803
2051 3806
3921 3808
679 3809
3103 3810
3785 3810
299 3812
2215 3812
3437 3812
145 3815
433 3815
1503 3815
66 3817
909 3818
1473 3818
3390 3818
3691 3818
3789 3818
4245 3818
1583 3820
1593 3823
167 3824
338 3824
3460 3825
3790 3825
2416 3827
4113 3828
3029 3831
3762 3831
3181 3833
2325 3835
1629 3837
2402 3837
1631 3840
299 3842
3961 3842
1485 3846
2615 3846
3175 3846
3351 3846
504 3847
1070 3847
1441 3847
3286 3848
1858 3849
4022 3849
1338 3850
3774 3850
3052 3851
981 3852
1239 3852
2457 3852
2559 3852
3688 3852
169 3855
1612 3855
4322 3856
1900 3857
2187 3857
2303 3857
2351 3857
3045 3857
3453 3857
3649 3857
4335 3857
748 3858
3051 3862
228 3866
553 3866
3033 3866
3593 3866
2810 3868
2367 3874
2145 3875
2718 3876
3727 3876
517 3877
692 3877
713 3877
3742 3877
643 3878
1549 3878
2366 3878
4351 3878
1638 3879
1633 3881
3081 3882
114 3883
1575 3883
3460 3884
218 3885
1142 3886
1897 3888
3748 3888
3801 3888
1568 3889
2305 3889
60 3891
234 3892
4164 3892
3561 3895
2778 3900
3547 3901
1960 3903
3006 3903
623 3906
1162 3908
3181 3912
2683 3914
3641 3915
32 3918
4294 3919
1915 3921
3808 3921
2116 3924
4517 3924
3714 3927
3305 3930
3139 3932
3800 3932
1567 3933
4022 3933
3942 3934
1963 3935
1580 3936
2384 3936
2526 3936
2641 3936
3134 3936
620 3939
1007 3939
309 3941
2798 3941
111 3942
791 3942
997 3942
1077 3942
1101 3942
1131 3942
1266 3942
1414 3942
1493 3942
2421 3942
2428 3942
2697 3942
2908 3942
3422 3942
3934 3942
3945 3942
4055 3942
4478 3942
3463 3944
3942 3945
820 3946
978 3946
1849 3947
1117 3948
3092 3953
2573 3955
2521 3956
487 3959
1353 3959
1936 3959
2182 3959
3746 3959
4291 3959
4442 3959
1051 3960
3225 3960
4260 3960
938 3961
2911 3961
3430 3961
3612 3961
3724 3961
3734 3961
3842 3961
4309 3961
451 3963
471 3963
640 3963
673 3963
2060 3963
2780 3963
1074 3965
3745 3965
89 3972
335 3972
410 3972
433 3972
548 3972
694 3972
1799 3972
1934 3972
2651 3972
2901 3972
3020 3972
502 3973
750 3973
1222 3973
1503 3973
2549 3973
2559 3973
2722 3973
2879 3973
3371 3973
3495 3973
3744 3973
3794 3973
4162 3973
4181 3973
4455 3973
4474 3973
2279 3974
4471 3974
1399 3976
1870 3978
2114 3978
4292 3978
3107 3982
793 3984
1320 3984
2305 3984
103 3988
462 3988
745 3988
2398 3988
3176 3988
1335 3990
2367 3990
3646 3992
4275 3993
299 3995
3437 3996
1839 3997
2038 3998
4384 3998
1184 4003
1366 4003
2228 4003
2453 4003
3228 4003
658 4011
1391 4018
605 4022
1894 4022
2181 4022
2925 4022
3092 4022
3313 4022
3849 4022
3933 4022
4023 4022
4162 4022
4331 4022
403 4023
3293 4023
4022 4023
2219 4029
750 4030
978 4030
2293 4030
3495 4030
1012 4031
1835 4033
2049 4033
4296 4034
2032 4035
3372 4035
3640 4035
730 4042
499 4043
2221 4045
908 4047
1272 4047
1925 4047
299 4051
348 4051
2308 4051
117 4053
1297 4053
4322 4053
3087 4055
3942 4055
343 4056
632 4056
2026 4056
2172 4056
3287 4056
3524 4056
3345 4059
122 4060
209 4060
725 4060
3489 4060
3635 4060
85 4061
477 4061
3029 4061
3561 4062
534 4066
3728 4067
3753 4067
1292 4068
2037 4068
2797 4068
2209 4070
1135 4077
2186 4077
3604 4077
3186 4079
1101 4082
630 4083
1662 4083
4288 4083
3561 4085
3398 4086
3645 4086
2190 4087
2293 4087
2665 4088
1891 4091
4484 4091
2111 4092
1169 4093
2612 4093
3366 4093
1496 4095
1551 4096
2605 4096
3467 4096
2227 4098
295 4099
458 4099
777 4099
1154 4099
1292 4099
2055 4099
2067 4099
2247 4099
2666 4099
2810 4099
3114 4099
3520 4099
2001 4103
1307 4104
3024 4107
2209 4109
2349 4109
2862 4110
3828 4113
1140 4114
3099 4114
3463 4114
4437 4114
2134 4117
2510 4117
3205 4117
3531 4117
35 4122
172 4122
742 4123
2271 4124
1988 4128
1 4129
2887 4130
4369 4131
1870 4136
2114 4136
4301 4137
232 4139
2799 4139
3744 4139
211 4140
1808 4141
2862 4141
3725 4142
183 4145
1003 4145
1549 4145
2362 4145
74 4146
3405 4149
3154 4150
2526 4157
89 4162
101 4162
103 4162
138 4162
208 4162
232 4162
250 4162
410 4162
433 4162
986 4162
1000 4162
1627 4162
1679 4162
1849 4162
1934 4162
2287 4162
2613 4162
2651 4162
2859 4162
3158 4162
3324 4162
3973 4162
4022 4162
4387 4162
679 4164
983 4164
1129 4164
2142 4164
2453 4164
2549 4164
2688 4164
3892 4164
2209 4165
2876 4167
3103 4167
4203 4167
706 4170
2919 4170
1210 4172
1511 4173
650 4175
1308 4176
2150 4176
2798 4176
2876 4176
2918 4176
1854 4177
3049 4177
3973 4181
231 4183
2696 4187
3007 4189
839 4190
3641 4191
3282 4192
2392 4194
782 4203
814 4203
1583 4203
4167 4203
2068 4204
1386 4205
1835 4205
2756 4205
3118 4205
3235 4205
1478 4206
1382 4207
2768 4208
2216 4210
3026 4210
3387 4212
689 4213
3221 4213
126 4214
1770 4215
4484 4215
2871 4216
4434 4218
1119 4229
1382 4230
1501 4232
1574 4232
3335 4232
299 4233
1359 4235
3215 4235
1597 4236
2705 4236
4434 4240
4322 4241
658 4242
829 4243
1317 4243
2593 4243
1144 4244
3818 4245
276 4247
4296 4247
4516 4249
1012 4250
2209 4251
202 4252
433 4252
1711 4252
3495 4252
260 4260
1051 4260
3960 4260
1552 4263
1969 4263
3051 4263
3250 4263
988 4264
769 4266
805 4266
1323 4266
2114 4266
2829 4266
4320 4266
946 4269
1298 4271
2100 4271
2209 4272
2349 4272
141 4275
3993 4275
1849 4277
1382 4279
2297 4280
2161 4281
252 4282
1395 4284
664 4285
2868 4286
4083 4288
4459 4290
1353 4291
1936 4291
1944 4291
2182 4291
2799 4291
3688 4291
3959 4291
3978 4292
1790 4294
3919 4294
1378 4296
4034 4296
4247 4296
1988 4298
162 4299
2732 4299
1368 4300
461 4301
2615 4301
2950 4301
3127 4301
4137 4301
101 4302
2520 4307
3437 4308
1366 4309
3961 4309
1329 4311
1899 4311
2785 4311
1915 4315
3198 4318
2437 4319
1323 4320
1703 4320
2305 4320
4266 4320
88 4322
190 4322
405 4322
571 4322
695 4322
807 4322
1018 4322
1080 4322
1422 4322
2003 4322
2163 4322
2213 4322
2476 4322
2825 4322
2843 4322
3434 4322
3856 4322
4053 4322
4241 4322
3400 4323
299 4326
3320 4327
3489 4327
2885 4330
3092 4331
3293 4331
4022 4331
3305 4332
3857 4335
1870 4336
2245 4337
1205 4340
433 4345
3878 4351
1057 4354
4484 4354
91 4355
2172 4360
504 4365
4131 4369
3074 4370
125 4372
2209 4375
2349 4375
310 4379
3202 4381
3688 4381
3399 4383
1321 4384
2154 4384
3998 4384
750 4387
2375 4387
2431 4387
2613 4387
2696 4387
2799 4387
3688 4387
4162 4387
941 4388
698 4390
3186 4390
1637 4391
1703 4392
299 4394
805 4395
2458 4395
2736 4395
3112 4395
1205 4399
1129 4401
74 4402
221 4402
2336 4402
3092 4402
1535 4404
1636 4404
1891 4404
2492 4404
2884 4404
4449 4404
499 4409
3311 4411
3596 4411
3447 4412
1363 4413
77 4414
1723 4414
3460 4414
2724 4418
3753 4418
2788 4420
499 4423
695 4426
958 4428
824 4429
1051 4429
1421 4429
2484 4429
2369 4431
448 4433
617 4433
1870 4433
2133 4433
2419 4433
4218 4434
4240 4434
4114 4437
2836 4439
755 4440
3688 4442
3959 4442
1431 4443
3119 4443
3252 4444
3725 4447
2267 4448
2214 4449
4404 4449
1902 4450
963 4453
1292 4453
3973 4455
1027 4459
4290 4459
491 4460
2696 4460
3678 4460
3688 4460
59 4461
475 4461
3287 4461
3326 4461
1035 4462
3092 4462
117 4463
1654 4463
1162 4465
3974 4471
299 4473
3495 4474
3973 4474
2061 4475
1382 4477
299 4478
1328 4478
3942 4478
666 4480
3667 4480
1247 4482
259 4484
623 4484
829 4484
1019 4484
1192 4484
1267 4484
1282 4484
1342 4484
1535 4484
1715 4484
2193 4484
2595 4484
2665 4484
2683 4484
3043 4484
3180 4484
3531 4484
3652 4484
4091 4484
4215 4484
4354 4484
2810 4486
281 4489
694 4489
1765 4489
2144 4489
127 4491
126 4495
3145 4495
299 4496
1205 4496
2344 4496
2172 4498
37 4506
1722 4506
77 4510
3750 4512
764 4516
776 4516
2371 4516
3322 4516
4249 4516
1222 4517
1641 4517
2879 4517
3495 4517
3572 4517
3924 4517
