4129 1
323 2
1648 2
3598 2
2188 7
5454 7
376 8
1358 13
63 15
2861 15
175 16
338 17
979 19
1536 19
1918 19
3531 19
5055 19
89 20
232 20
270 20
466 20
603 20
694 20
2410 20
2723 20
2859 20
3437 20
4890 22
826 24
927 29
3794 29
4781 30
3918 32
3437 34
702 35
703 35
1896 35
2122 35
2523 35
3378 35
3439 35
3651 35
4122 35
5172 35
3248 36
5228 36
3523 37
4506 37
5454 37
1861 38
3327 39
1244 40
4946 41
240 42
3155 47
4813 47
349 52
872 58
774 59
1181 59
1276 59
2172 59
2217 59
2535 59
2679 59
2751 59
2812 59
2953 59
3582 59
4461 59
4943 59
1640 60
3891 60
5178 60
5594 62
15 63
1770 63
3199 66
3599 66
3817 66
5089 66
5425 66
5457 68
5568 68
655 69
5080 70
2349 72
228 74
553 74
2192 74
3264 74
4146 74
4402 74
5003 74
5571 74
408 77
699 77
3535 77
4414 77
4510 77
2007 78
1701 79
228 80
2925 80
3311 80
4919 80
3347 81
2038 82
5465 82
1495 83
2872 83
4611 83
1765 84
121 85
4061 85
90 88
2003 88
4322 88
5027 88
20 89
546 89
597 89
1191 89
1682 89
1944 89
2431 89
2696 89
3461 89
3688 89
3972 89
4162 89
4525 89
4929 89
4996 89
5517 89
5648 89
88 90
1112 91
1486 91
1582 91
1987 91
4355 91
1787 93
1311 94
805 96
4900 96
4834 97
1039 100
299 101
1934 101
2099 101
2293 101
2468 101
4162 101
4302 101
406 102
4787 102
233 103
2165 103
3988 103
4162 103
4875 103
4975 103
117 104
567 104
1043 104
1440 104
5027 104
5508 104
5514 104
5592 104
5000 105
2955 109
694 110
5222 110
554 111
3942 111
4917 111
5091 111
841 112
4661 112
5295 112
3883 114
104 117
308 117
405 117
805 117
1169 117
1323 117
1870 117
2306 117
2478 117
2584 117
2829 117
3112 117
4053 117
4463 117
4597 117
4662 117
4734 117
4775 117
4792 117
4900 117
4963 117
5271 117
5508 117
2667 118
2471 120
3101 120
4842 120
85 121
3136 121
2989 122
4060 122
4548 122
2091 123
4895 123
5033 123
5281 123
1642 125
2142 125
4372 125
5442 125
1539 126
3146 126
3636 126
4214 126
4495 126
4953 126
338 127
4491 127
3458 131
4917 131
370 136
4162 138
5397 138
2219 140
4275 141
5308 143
149 144
1170 144
3815 145
1058 148
144 149
2916 149
4543 149
5098 149
5336 149
3245 150
1363 152
2245 154
4735 158
4784 158
4299 162
5166 162
2734 164
3683 164
470 165
971 165
5635 165
338 167
1145 167
2185 167
3824 167
4631 167
5430 167
5542 167
703 169
782 169
2555 169
2665 169
2671 169
2683 169
2826 169
3039 169
3221 169
3855 169
316 170
1065 170
3208 170
4684 170
4122 172
466 173
1769 174
2836 174
16 175
5594 175
1237 178
612 179
5473 180
3239 181
3460 181
3471 181
5454 181
294 183
782 183
1224 183
1512 183
1574 183
2175 183
2239 183
2833 183
2904 183
3408 183
4145 183
4526 183
5262 183
1572 184
3304 185
702 186
1170 186
385 190
448 190
1169 190
1513 190
2829 190
3292 190
3783 190
4322 190
5093 190
5117 190
5448 190
5567 190
5409 191
195 192
2529 193
192 195
1572 196
3385 197
4910 197
3783 200
4252 202
3652 205
2583 206
5435 207
1353 208
1838 208
2287 208
3186 208
4162 208
1531 209
1821 209
3105 209
3372 209
4060 209
3494 211
4140 211
2207 216
1051 217
2910 217
5508 217
5599 217
3885 218
5283 218
1883 219
2130 220
2336 221
4402 221
1753 222
1872 222
1839 223
74 228
80 228
553 228
935 228
1851 228
3492 228
3593 228
3866 228
5048 228
5359 228
1371 231
4183 231
20 232
544 232
734 232
750 232
1105 232
1503 232
1985 232
2228 232
2375 232
2696 232
3302 232
3688 232
4139 232
4162 232
4908 232
103 233
844 233
1211 233
2410 233
2737 233
3495 233
3604 233
3892 234
1382 235
1849 236
4855 237
1503 238
3381 238
42 240
1448 240
1558 240
5477 240
730 241
3739 242
5015 243
3463 244
1169 245
3463 246
2362 247
2311 248
4162 250
1523 251
1754 252
4282 252
2172 256
299 257
2630 258
4484 259
4607 259
1654 260
4260 260
5473 261
5324 263
4683 267
1574 268
4674 268
5465 268
20 270
491 270
1434 270
2293 273
3162 275
4247 276
338 277
5007 277
1691 278
1877 278
5000 278
5172 278
888 279
1747 279
363 280
895 280
1467 280
2060 280
4632 280
5381 280
1006 281
2116 281
3518 281
4489 281
1685 283
2038 287
3147 288
467 290
1381 290
3768 290
448 291
617 291
2477 291
2659 291
3355 291
5117 291
183 294
1308 294
381 295
482 295
1006 295
1075 295
1294 295
1368 295
2055 295
2082 295
2247 295
2790 295
2831 295
2835 295
3088 295
4099 295
5079 295
2639 298
101 299
257 299
348 299
411 299
420 299
548 299
574 299
698 299
912 299
1016 299
1096 299
1106 299
1376 299
1498 299
1694 299
1712 299
1792 299
1936 299
2037 299
2143 299
2207 299
2274 299
2315 299
2420 299
2421 299
2468 299
2557 299
2730 299
2859 299
2906 299
2908 299
3030 299
3062 299
3150 299
3174 299
3246 299
3288 299
3364 299
3422 299
3452 299
3584 299
3587 299
3680 299
3812 299
3842 299
3995 299
4051 299
4233 299
4326 299
4394 299
4473 299
4478 299
4496 299
4580 299
4783 299
4929 299
5006 299
5089 299
5090 299
5134 299
5153 299
5286 299
5385 299
5510 299
5615 299
5648 299
3194 300
2013 302
4900 305
5096 305
5599 305
695 306
2484 306
117 308
3351 309
3941 309
617 310
4379 310
5117 310
1883 311
4941 312
3311 313
1877 314
170 316
3043 316
3426 316
5579 316
3744 317
4557 317
361 318
1535 318
3531 318
4647 319
3181 320
5514 321
2 323
2900 323
3676 323
5257 323
5433 324
688 328
3131 329
531 332
2190 334
2204 334
3497 334
4801 334
1366 335
2549 335
3972 335
4870 335
4910 335
5356 335
3082 336
5306 336
2172 337
17 338
127 338
167 338
277 338
504 338
853 338
898 338
988 338
1509 338
1727 338
2158 338
2668 338
3382 338
3786 338
3824 338
5269 338
5595 338
694 340
4535 340
4956 340
1435 341
4056 343
2549 345
299 348
1221 348
1336 348
4051 348
52 349
3147 349
5381 349
5497 349
2320 352
4662 354
4900 354
5448 354
2946 357
5594 358
4614 360
318 361
280 363
926 366
136 370
1987 370
1298 373
2100 373
3060 373
3232 373
5334 373
5470 373
2671 374
4941 374
8 376
1633 376
562 378
4846 379
505 380
937 380
295 381
458 381
564 381
1446 381
2810 381
5397 381
1365 384
1733 384
190 385
1634 387
5033 387
1489 389
1870 390
5594 391
1353 393
1847 398
2412 398
480 400
1170 400
728 402
493 403
1818 403
3570 403
4023 403
4980 403
117 405
1870 405
1883 405
2584 405
3434 405
4322 405
4672 405
5216 405
5311 405
5445 405
5599 405
102 406
3482 406
77 408
750 410
3020 410
3688 410
3972 410
4162 410
299 411
2293 413
2943 413
4682 413
299 420
1700 423
1823 426
2425 428
679 431
750 433
1367 433
1888 433
2799 433
3062 433
3735 433
3815 433
3972 433
4162 433
4252 433
4345 433
4682 433
4910 433
5230 433
3733 434
1714 436
2295 436
2368 437
1666 443
651 447
190 448
291 448
1477 448
1883 448
2267 448
2829 448
4433 448
5514 448
556 449
5594 449
2029 450
3963 451
1307 453
2885 456
2316 457
381 458
1849 458
2055 458
2831 458
2835 458
3088 458
4099 458
5339 459
1162 460
3090 460
4301 461
3156 462
3988 462
5172 464
1005 465
1135 465
2190 465
2550 465
3750 465
4682 465
4801 465
5507 465
20 466
173 466
986 466
1849 466
3324 466
4899 466
290 467
474 467
740 467
934 467
1282 467
1321 467
1753 467
2297 469
165 470
706 470
2188 470
5551 470
3963 471
3127 472
3521 473
467 474
3426 474
4461 475
3029 477
4061 477
400 480
4758 480
295 482
2810 482
506 483
2036 483
5283 483
1936 487
2799 487
3959 487
1112 490
3038 490
270 491
497 491
844 491
1000 491
1184 491
1187 491
1569 491
2099 491
2207 491
2293 491
2550 491
2630 491
2746 491
3374 491
3394 491
4460 491
4886 491
5014 491
5091 491
5356 491
5601 491
403 493
2496 493
3293 493
4748 493
1062 496
1548 496
2332 496
2413 496
2927 496
3038 496
3298 496
3531 496
3677 496
5108 496
491 497
1103 499
1465 499
1820 499
4043 499
4409 499
4423 499
4586 499
4760 499
4785 499
5024 499
5092 499
790 500
3060 501
3973 502
338 504
1709 504
2448 504
3010 504
3847 504
4365 504
5007 504
380 505
483 506
519 506
1381 506
4537 506
3147 507
1169 508
1123 513
5382 513
571 514
3877 517
506 519
2111 519
4823 519
5327 519
5055 521
3202 523
3305 526
3609 526
5207 528
332 531
4066 534
3473 539
1849 540
5630 541
232 544
89 546
786 546
978 546
1572 546
2025 546
3303 546
3604 546
4870 546
5222 546
299 548
3972 548
1899 551
2424 551
2207 552
5060 552
74 553
228 553
1464 553
1851 553
3492 553
3521 553
3593 553
3866 553
111 554
3371 554
4646 554
449 556
1496 556
1975 556
378 562
2111 563
3531 563
3715 563
4549 563
381 564
2267 566
104 567
1022 567
4576 567
4693 567
744 570
514 571
3803 571
4322 571
2900 573
299 574
2267 580
1319 582
1411 582
3541 582
2709 584
4908 584
2996 594
844 595
89 597
751 600
1064 600
1810 600
2726 600
5413 600
5625 600
3350 602
20 603
4801 603
4022 605
2370 607
2069 611
179 612
3030 612
291 617
310 617
805 617
1415 617
1477 617
1700 617
1959 617
1984 617
2114 617
2458 617
2829 617
4433 617
4597 617
4734 617
4900 617
5096 617
5514 617
5569 617
5356 619
3704 620
3939 620
3750 621
3906 623
4484 623
4607 623
4665 623
2443 625
4787 626
842 629
2060 629
5376 629
4083 630
5283 631
4056 632
3092 633
660 634
2366 634
2401 634
3752 634
1903 636
3437 636
2320 637
4848 637
2209 640
3963 640
3029 642
3643 642
3878 643
4941 643
680 646
2446 646
3089 650
4175 650
447 651
2539 653
69 655
664 655
1052 655
2526 655
3460 655
4599 655
924 657
1087 657
1820 657
5036 657
4011 658
4242 658
2701 659
634 660
3616 661
1648 662
1679 662
2179 662
2745 662
3598 662
2206 663
655 664
2417 664
2798 664
4285 664
4564 664
5169 664
4480 666
3227 668
3701 668
3778 670
5454 670
1285 671
1856 673
2349 673
3327 673
3963 673
4892 673
5236 673
2272 675
4607 676
1717 678
4919 678
431 679
1129 679
2929 679
3137 679
3631 679
3809 679
4164 679
4783 679
5124 679
646 680
1559 680
1934 680
5060 680
3171 683
4600 683
879 684
5108 684
3029 685
2630 687
328 688
1066 689
1125 689
4213 689
2853 690
3877 692
20 694
110 694
340 694
727 694
1408 694
2508 694
2693 694
3204 694
3612 694
3972 694
4489 694
306 695
813 695
1348 695
2474 695
2829 695
4322 695
4426 695
5117 695
5448 695
4549 696
3643 697
299 698
1665 698
1712 698
2580 698
3020 698
4390 698
5120 698
77 699
1072 700
2904 701
35 702
186 702
3229 702
35 703
169 703
1120 703
2400 703
2417 703
2794 703
2795 703
2884 703
4738 703
2101 704
5117 704
470 706
1715 706
2927 706
2979 706
3043 706
3531 706
4170 706
4543 706
5594 706
3088 709
5531 709
4607 711
1161 712
4912 712
5547 712
2876 713
3232 713
3877 713
1905 715
2999 717
4674 718
2251 720
2323 720
3663 721
824 722
2722 724
3489 725
4060 725
1851 726
694 727
402 728
241 730
3060 730
3082 730
4042 730
5521 730
3040 731
796 732
3690 733
232 734
745 734
1503 736
3007 738
3567 739
467 740
796 740
5594 740
1093 741
796 742
2833 742
4123 742
3548 743
570 744
2167 744
5050 744
5117 744
5448 744
734 745
1222 745
3988 745
4895 745
4897 745
5033 745
4787 746
3858 748
232 750
410 750
433 750
2901 750
3973 750
4030 750
4387 750
600 751
2595 752
5635 752
2500 753
2634 753
4909 754
5262 754
3516 755
3780 755
4440 755
3437 756
805 757
1870 757
2114 757
2458 757
3112 757
4662 757
4963 757
5073 757
4607 758
2089 759
4516 764
2559 765
3802 765
3437 766
1051 769
1323 769
2305 769
2478 769
2740 769
3571 769
4266 769
5027 769
5197 769
5343 769
5508 769
5582 769
5587 769
1593 771
4919 773
59 774
3548 774
4516 776
4099 777
169 782
183 782
2665 782
2884 782
3060 782
4203 782
5117 783
2925 784
546 786
1936 786
500 790
1144 790
2853 790
4638 790
3942 791
3984 793
5027 795
732 796
740 796
742 796
1020 796
1111 796
1354 796
1428 796
1620 796
2603 796
4614 796
4705 796
5167 796
5287 796
96 805
117 805
617 805
757 805
1566 805
2101 805
2305 805
3051 805
4266 805
4395 805
4590 805
4775 805
5027 805
5117 805
5173 805
5448 805
5467 805
5514 805
1022 807
3714 807
4322 807
5421 807
2469 810
3407 810
4787 811
695 813
4203 814
4564 814
4781 814
3319 820
3518 820
3713 820
3946 820
4757 820
5625 820
1949 821
1960 823
2245 823
2400 823
2826 823
3353 823
722 824
1480 824
2003 824
3613 824
4429 824
5115 824
1478 825
2853 825
24 826
3745 828
1442 829
2400 829
4243 829
4484 829
3747 834
3120 836
3418 836
4190 839
112 841
629 842
233 844
491 844
595 844
978 844
2442 844
2986 844
4685 846
5093 846
5599 846
1575 847
1382 851
338 853
1472 853
2273 853
5061 853
5542 853
5556 853
874 856
1753 856
4898 861
3460 862
3686 862
4534 862
2530 863
3097 863
3311 863
5222 869
58 872
3029 872
3270 872
3311 872
856 874
1650 874
5273 874
5579 874
5386 878
684 879
1651 881
1960 881
4802 881
3305 885
4900 886
279 888
1449 888
2060 888
2892 888
2914 888
4777 894
280 895
338 898
1475 899
3460 899
4607 900
2241 901
4694 901
5338 901
3319 902
5604 902
2410 903
3676 903
5160 903
4851 904
1526 908
4047 908
3818 909
1319 910
3293 911
4748 911
299 912
5556 916
1851 918
1862 919
3758 919
3739 922
657 924
366 926
29 927
5144 927
5371 927
5630 933
467 934
4717 934
228 935
1916 936
380 937
2571 937
3961 938
2868 939
3419 939
5308 940
4388 941
4269 946
4628 948
1680 953
1878 953
3773 955
5333 955
5457 955
5568 955
2607 958
4428 958
1870 962
2114 962
5448 962
4453 963
1851 967
165 971
1051 972
4619 977
546 978
844 978
1944 978
3688 978
3946 978
4030 978
5519 978
19 979
3852 981
1129 983
4164 983
5382 983
5585 983
4682 985
466 986
1185 986
1785 986
2410 986
3495 986
3679 986
3688 986
4162 986
338 988
4264 988
1319 989
3378 989
5168 991
4701 995
4547 996
3942 997
4682 997
5396 999
491 1000
2696 1000
4162 1000
5292 1000
5572 1000
2111 1003
2614 1003
2946 1003
4145 1003
4771 1003
2019 1004
2821 1004
5362 1004
465 1005
1810 1005
2696 1005
4530 1005
4673 1005
5292 1005
281 1006
295 1006
1075 1006
1154 1006
1294 1006
2810 1006
2831 1006
2902 1006
4718 1006
5079 1006
3143 1007
3939 1007
5381 1011
4031 1012
4250 1012
2209 1014
299 1016
5356 1016
1513 1018
4322 1018
5027 1018
5093 1018
5197 1018
4484 1019
796 1020
567 1022
807 1022
2305 1022
5027 1022
5448 1022
3643 1023
3706 1027
4459 1027
1813 1031
3228 1031
5333 1031
3092 1035
4462 1035
2951 1038
4620 1038
100 1039
1366 1039
5356 1039
2222 1042
104 1043
4788 1043
1513 1047
4910 1048
217 1051
769 1051
972 1051
1700 1051
2691 1051
3464 1051
3960 1051
4260 1051
4429 1051
5217 1051
5343 1051
5582 1051
655 1052
4630 1054
5000 1054
5256 1056
3305 1057
4354 1057
148 1058
2465 1061
496 1062
3800 1062
600 1064
1187 1064
4720 1064
5222 1064
170 1065
2546 1065
5221 1065
689 1066
2331 1066
3686 1066
4534 1066
5098 1069
3847 1070
4529 1070
5007 1070
700 1072
2773 1074
3965 1074
295 1075
1006 1075
1154 1075
1292 1075
2055 1075
2247 1075
2433 1075
2810 1075
3154 1075
3525 1075
4718 1075
5066 1075
2909 1077
3942 1077
2041 1079
4322 1080
5027 1080
5197 1080
2811 1083
3147 1083
657 1087
4634 1089
1822 1092
741 1093
299 1096
1275 1096
3575 1097
2800 1099
3787 1099
4900 1099
3942 1101
4082 1101
4819 1101
499 1103
232 1105
299 1106
2339 1106
2549 1106
5433 1107
4628 1110
796 1111
91 1112
490 1112
3078 1113
5411 1113
1292 1116
5066 1116
3948 1117
3066 1118
4229 1119
703 1120
2173 1120
3460 1120
4564 1120
3345 1121
513 1123
1634 1123
1963 1123
2398 1123
2549 1123
2926 1123
3530 1123
5382 1123
5431 1123
1872 1124
4772 1124
689 1125
3745 1126
2336 1127
679 1129
983 1129
2142 1129
2453 1129
2559 1129
3137 1129
4164 1129
4401 1129
4783 1129
4895 1129
5124 1129
5286 1129
5585 1129
5601 1129
2613 1131
2810 1131
3942 1131
1415 1132
1578 1133
2196 1133
465 1135
2186 1135
3604 1135
4077 1135
4682 1135
5397 1135
1667 1137
2952 1138
4114 1140
3886 1142
790 1144
1551 1144
3543 1144
4244 1144
167 1145
5200 1145
2038 1147
3006 1150
1815 1152
3122 1152
3531 1153
1006 1154
1075 1154
1294 1154
2055 1154
2831 1154
2898 1154
3088 1154
4099 1154
4712 1154
5079 1154
4801 1156
4879 1156
2438 1160
2559 1160
4870 1160
712 1161
1765 1161
460 1162
1442 1162
1956 1162
3378 1162
3463 1162
3908 1162
4465 1162
4638 1162
5372 1162
5407 1162
2591 1167
117 1169
190 1169
245 1169
508 1169
1703 1169
4093 1169
4852 1169
4963 1169
5252 1169
5271 1169
5592 1169
144 1170
186 1170
400 1170
2111 1170
3125 1170
3721 1170
4654 1170
4557 1172
5301 1174
2099 1176
3302 1176
4997 1178
1543 1179
59 1181
1618 1181
2026 1181
5054 1181
491 1184
2372 1184
3186 1184
3319 1184
3758 1184
4003 1184
5119 1184
5547 1184
986 1185
3345 1186
491 1187
1064 1187
2082 1187
5468 1187
2516 1189
1877 1190
3038 1190
89 1191
1836 1191
2903 1191
4929 1191
4996 1191
5356 1191
5648 1191
4484 1192
4607 1192
3339 1194
3568 1198
3193 1201
1249 1203
2060 1204
2344 1205
4340 1205
4399 1205
4496 1205
4870 1205
1366 1206
1994 1207
4621 1209
4172 1210
233 1211
1674 1211
2452 1214
2946 1215
2844 1217
1372 1218
2062 1218
3127 1218
348 1221
745 1222
2559 1222
2651 1222
3584 1222
3973 1222
4517 1222
4557 1222
4895 1222
4901 1222
5154 1222
5371 1222
183 1224
4564 1224
5132 1227
2895 1228
178 1237
5038 1238
3852 1239
40 1244
1370 1244
2134 1244
3460 1244
5000 1244
5330 1244
4482 1247
1203 1249
2739 1249
4806 1251
1985 1252
2035 1252
4801 1252
2139 1254
1523 1257
1551 1259
1580 1259
2927 1259
4813 1259
1932 1262
4900 1262
3655 1263
3942 1266
4484 1267
4772 1267
2069 1269
4576 1270
1407 1272
2305 1272
2825 1272
4047 1272
5050 1272
5603 1272
1096 1275
1902 1275
5356 1275
59 1276
5473 1279
2683 1280
5454 1281
467 1282
1342 1282
1636 1282
2012 1282
2883 1282
4484 1282
4607 1282
671 1285
2514 1286
5077 1286
2508 1289
3587 1289
5549 1289
2207 1290
1075 1292
1116 1292
1294 1292
1368 1292
2055 1292
2082 1292
2790 1292
2831 1292
2835 1292
2898 1292
2902 1292
3088 1292
3114 1292
4068 1292
4099 1292
4453 1292
5079 1292
295 1294
1006 1294
1154 1294
1292 1294
1995 1294
2247 1294
2810 1294
3114 1294
3525 1294
4718 1294
5066 1294
1771 1297
2829 1297
4053 1297
373 1298
4271 1298
1934 1299
2279 1300
4788 1302
1560 1303
2498 1303
2925 1304
4946 1304
3548 1305
453 1307
4104 1307
294 1308
2413 1308
3118 1308
4176 1308
5327 1308
5529 1308
94 1311
3358 1315
3230 1316
3378 1316
3463 1316
3043 1317
3082 1317
3361 1317
4243 1317
4932 1317
5221 1317
582 1319
910 1319
989 1319
3413 1319
3460 1319
4802 1319
5521 1319
3984 1320
467 1321
2638 1321
2732 1321
3043 1321
3447 1321
3535 1321
3592 1321
4384 1321
2330 1322
117 1323
769 1323
1932 1323
2305 1323
2825 1323
3151 1323
3258 1323
4266 1323
4320 1323
5027 1323
5197 1323
5508 1323
3596 1324
3209 1326
1849 1328
4478 1328
1702 1329
4311 1329
5593 1329
4853 1330
2366 1331
2696 1332
2367 1335
3496 1335
3990 1335
348 1336
4794 1337
3850 1338
1282 1342
1514 1342
1891 1342
2005 1342
3006 1342
4484 1342
4607 1342
5070 1342
3437 1343
1547 1344
2696 1345
695 1348
2013 1348
5021 1350
2481 1352
208 1353
393 1353
1838 1353
1936 1353
2182 1353
2799 1353
3959 1353
4291 1353
4910 1353
796 1354
4607 1354
5055 1354
5403 1354
13 1358
2187 1358
4235 1359
2465 1360
3585 1361
4703 1362
152 1363
1381 1363
2266 1363
2510 1363
2582 1363
2798 1363
3043 1363
3460 1363
3531 1363
3798 1363
4413 1363
4537 1363
4564 1363
4705 1363
4827 1363
4891 1363
384 1365
335 1366
1039 1366
1206 1366
1849 1366
4003 1366
4309 1366
4870 1366
4881 1366
433 1367
2438 1367
3663 1367
295 1368
1292 1368
2410 1368
2900 1368
2902 1368
4300 1368
4673 1368
5379 1368
1441 1369
1244 1370
2111 1370
2394 1370
2934 1370
4836 1370
231 1371
1218 1372
2402 1372
4781 1373
1731 1374
3365 1374
299 1376
2207 1376
2666 1377
4783 1377
4296 1378
290 1381
506 1381
1363 1381
3038 1381
4526 1381
235 1382
851 1382
3345 1382
4207 1382
4230 1382
4279 1382
4477 1382
4559 1382
4794 1382
5598 1382
4205 1386
1413 1390
4018 1391
2773 1392
5262 1393
3319 1394
4284 1395
5553 1396
2541 1398
3976 1399
2884 1401
5287 1401
3263 1403
5454 1403
1272 1407
2305 1407
4590 1407
5508 1407
5646 1407
694 1408
582 1411
4772 1411
1631 1412
1390 1413
1750 1414
2450 1414
3472 1414
3942 1414
5607 1414
617 1415
1132 1415
5060 1418
2172 1420
2349 1420
2644 1420
2452 1421
4429 1421
4322 1422
2642 1424
796 1428
1628 1428
1928 1428
2573 1428
2853 1428
3463 1428
4443 1431
270 1434
341 1435
2578 1435
104 1440
1369 1441
3847 1441
4889 1441
829 1442
1162 1442
4788 1443
4900 1443
381 1446
240 1448
888 1449
3769 1450
1988 1454
2402 1457
4563 1458
2786 1460
4720 1461
553 1464
499 1465
280 1467
2734 1470
853 1472
4889 1472
3818 1473
3660 1474
899 1475
448 1477
617 1477
1513 1477
2829 1477
4900 1477
5117 1477
5448 1477
5599 1477
825 1478
2783 1478
4206 1478
4766 1478
4829 1478
5000 1478
5228 1478
5302 1478
5329 1478
5451 1478
1647 1479
2195 1479
5112 1479
824 1480
5500 1481
3846 1485
91 1486
3305 1486
3714 1487
5362 1487
389 1489
2810 1489
5531 1489
1839 1492
3942 1493
2864 1494
83 1495
1733 1495
1857 1495
2665 1495
5465 1495
5570 1495
556 1496
2012 1496
4095 1496
299 1498
1744 1498
4232 1501
5470 1501
232 1503
238 1503
736 1503
1679 1503
2096 1503
3020 1503
3349 1503
3587 1503
3815 1503
3973 1503
5154 1503
5328 1503
2846 1505
5630 1505
3491 1507
5554 1507
1960 1508
338 1509
2217 1511
2667 1511
4173 1511
5054 1511
183 1512
2927 1512
5287 1512
190 1513
1018 1513
1047 1513
1477 1513
1870 1513
1925 1513
2114 1513
2163 1513
2167 1513
2476 1513
3112 1513
4597 1513
4734 1513
4900 1513
5073 1513
5093 1513
1342 1514
1801 1515
5423 1516
3060 1520
4621 1520
251 1523
1257 1523
1988 1523
2735 1525
908 1526
2114 1527
2458 1527
2800 1527
3112 1527
2206 1529
3305 1530
209 1531
2836 1534
3305 1534
318 1535
4404 1535
4484 1535
19 1536
126 1539
2703 1541
1179 1543
3337 1543
4696 1543
2604 1545
1344 1547
496 1548
3305 1548
1710 1549
2366 1549
3562 1549
3878 1549
4145 1549
5059 1549
5122 1549
1144 1551
1259 1551
1899 1551
2528 1551
2884 1551
4096 1551
4263 1552
3209 1553
5473 1553
1694 1557
2166 1557
240 1558
680 1559
1303 1560
805 1566
1932 1566
2123 1566
2163 1566
2458 1566
4734 1566
4775 1566
5093 1566
5117 1566
5448 1566
3933 1567
3889 1568
491 1569
184 1572
196 1572
546 1572
1944 1572
2549 1572
3495 1572
3663 1572
3678 1572
3688 1572
5230 1572
3105 1573
3746 1573
4762 1573
183 1574
268 1574
3658 1574
4232 1574
5515 1574
847 1575
3883 1575
3369 1576
1133 1578
3541 1578
3369 1579
4980 1579
5067 1579
1259 1580
3936 1580
91 1582
3820 1583
4203 1583
5497 1589
771 1593
1915 1593
2363 1593
3823 1593
1713 1596
5380 1596
5432 1596
1666 1597
4236 1597
1644 1603
2856 1604
5172 1606
2209 1607
3082 1610
5011 1610
3202 1611
5079 1611
3855 1612
2172 1616
5547 1617
1181 1618
5635 1619
796 1620
1951 1624
5228 1624
5451 1624
2410 1627
2626 1627
3596 1627
4162 1627
1428 1628
4772 1628
1839 1629
2803 1629
3045 1629
3837 1629
1412 1631
2415 1631
3840 1631
376 1633
1785 1633
3881 1633
4646 1633
5346 1633
387 1634
1123 1634
3671 1634
1282 1636
4404 1636
4391 1637
3879 1638
5115 1638
5228 1639
60 1640
4517 1641
125 1642
1603 1644
5356 1644
4607 1645
1479 1647
2 1648
662 1648
3598 1648
874 1650
1753 1650
881 1651
260 1654
4463 1654
4649 1654
4900 1654
2158 1655
1715 1656
2150 1656
3005 1656
3531 1656
5440 1656
4083 1662
2172 1663
2644 1663
2025 1664
698 1665
3437 1665
5120 1665
443 1666
1597 1666
1137 1667
2350 1667
5493 1667
2111 1670
1211 1674
3568 1676
4900 1676
5569 1676
662 1679
1503 1679
1888 1679
2179 1679
2696 1679
3604 1679
3688 1679
4162 1679
5625 1679
953 1680
89 1682
2559 1682
2861 1684
283 1685
3386 1686
2266 1688
3043 1688
3531 1688
5032 1688
5149 1689
278 1691
1715 1691
299 1694
1557 1694
3078 1694
3111 1694
3168 1694
3653 1694
5144 1694
3092 1696
4746 1696
423 1700
617 1700
1051 1700
1935 1700
2829 1700
3575 1700
4900 1700
5117 1700
5448 1700
79 1701
1329 1702
1169 1703
2821 1703
4320 1703
4392 1703
5050 1703
5582 1703
2257 1705
4660 1705
5200 1706
1849 1707
2539 1707
504 1709
1549 1710
5055 1710
4252 1711
299 1712
698 1712
5547 1712
1596 1713
436 1714
4526 1714
706 1715
1656 1715
1691 1715
2492 1715
2671 1715
2717 1715
2803 1715
3006 1715
3181 1715
4484 1715
4607 1715
678 1717
3293 1717
4748 1717
5469 1717
2358 1719
4781 1721
4813 1721
5221 1721
4506 1722
4414 1723
4912 1725
3617 1726
338 1727
3217 1728
2158 1730
1374 1731
384 1733
1495 1733
1891 1733
2266 1733
2281 1733
4607 1733
2817 1740
1498 1744
3386 1746
279 1747
1867 1748
1414 1750
3510 1750
5145 1750
5097 1752
222 1753
467 1753
856 1753
1650 1753
2597 1753
4891 1753
252 1754
4906 1756
5154 1757
5230 1757
5286 1757
5318 1757
2242 1758
2693 1762
4878 1763
84 1765
1161 1765
2048 1765
2096 1765
2247 1765
2630 1765
2687 1765
3751 1765
4489 1765
4666 1765
4871 1765
5014 1765
5384 1765
5397 1765
174 1769
63 1770
1790 1770
4215 1770
4607 1770
1297 1771
2452 1771
1798 1772
3392 1772
2853 1777
5052 1781
2209 1782
986 1785
1633 1785
93 1787
2715 1787
1770 1790
4294 1790
2076 1791
2584 1791
299 1792
1849 1794
5208 1795
1772 1798
3972 1799
1515 1801
2432 1801
2460 1801
3534 1801
5371 1801
4141 1808
600 1810
1005 1810
2549 1810
2658 1810
5386 1811
2270 1812
3103 1812
1031 1813
2325 1813
3156 1813
3228 1813
1152 1815
3122 1815
403 1818
2216 1818
3026 1818
3372 1818
5616 1819
499 1820
657 1820
209 1821
1092 1822
3362 1822
426 1823
4671 1827
4941 1827
2367 1829
3215 1835
4033 1835
4205 1835
1191 1836
208 1838
1353 1838
1936 1838
2182 1838
2859 1838
223 1839
1492 1839
1629 1839
2546 1839
3103 1839
3997 1839
5308 1841
2490 1845
5579 1846
398 1847
3300 1848
236 1849
458 1849
466 1849
540 1849
1328 1849
1366 1849
1707 1849
1794 1849
2008 1849
2073 1849
2099 1849
2483 1849
2537 1849
2549 1849
2562 1849
2929 1849
3144 1849
3166 1849
3252 1849
3495 1849
3678 1849
3688 1849
3751 1849
3947 1849
4162 1849
4277 1849
4551 1849
4910 1849
4962 1849
5131 1849
5346 1849
228 1851
553 1851
726 1851
918 1851
967 1851
3033 1851
3521 1851
3593 1851
5210 1851
5611 1853
4177 1854
673 1856
2060 1856
2217 1856
2346 1856
2956 1856
5020 1856
5054 1856
5139 1856
5320 1856
1495 1857
3655 1857
3849 1858
38 1861
919 1862
1952 1862
2640 1862
3437 1862
3758 1862
5099 1862
2216 1865
1748 1867
117 1870
390 1870
405 1870
757 1870
962 1870
1513 1870
2101 1870
2114 1870
2452 1870
3058 1870
3978 1870
4136 1870
4336 1870
4433 1870
4597 1870
4721 1870
5093 1870
5117 1870
5448 1870
5514 1870
222 1872
1124 1872
2114 1874
1914 1876
278 1877
314 1877
1190 1877
2188 1877
2465 1877
2944 1877
5000 1877
953 1878
2216 1881
5251 1881
219 1883
311 1883
405 1883
448 1883
2306 1883
2452 1883
5117 1883
5173 1883
5448 1883
5514 1883
2027 1886
3024 1887
433 1888
1679 1888
2356 1889
3367 1889
1342 1891
1733 1891
2005 1891
2595 1891
2665 1891
3180 1891
3652 1891
4091 1891
4404 1891
4692 1891
4781 1891
5570 1891
5594 1891
4022 1894
2280 1895
35 1896
3888 1897
551 1899
1551 1899
2092 1899
4311 1899
2111 1900
3857 1900
1275 1902
4450 1902
636 1903
715 1905
1913 1905
2312 1907
2999 1912
1905 1913
3706 1913
1876 1914
1593 1915
2551 1915
3293 1915
3921 1915
4315 1915
936 1916
19 1918
5454 1918
4544 1920
2443 1921
5246 1923
1513 1925
2825 1925
2877 1925
4047 1925
4775 1925
5050 1925
5448 1925
1428 1928
4989 1930
2370 1931
1262 1932
1323 1932
1566 1932
3051 1932
4597 1932
4900 1932
5027 1932
5117 1932
5448 1932
5514 1932
101 1934
680 1934
1299 1934
2242 1934
3972 1934
4162 1934
5257 1934
1700 1935
299 1936
487 1936
786 1936
1353 1936
1838 1936
2799 1936
3959 1936
4291 1936
5356 1936
5000 1937
2402 1940
2089 1941
4834 1942
89 1944
978 1944
1572 1944
2285 1944
2325 1944
2549 1944
3319 1944
3598 1944
4291 1944
1958 1945
3139 1945
3668 1945
5264 1945
5395 1945
4806 1948
821 1949
1624 1951
1862 1952
3758 1952
5099 1952
4997 1954
1162 1956
1945 1958
617 1959
3058 1959
4759 1959
4900 1959
5117 1959
5448 1959
823 1960
881 1960
1508 1960
3683 1960
3779 1960
3903 1960
4728 1960
4823 1960
5504 1960
1123 1963
2849 1963
2859 1963
3387 1963
3935 1963
4951 1963
5356 1963
5607 1963
4547 1966
3575 1969
4263 1969
2579 1972
556 1975
3127 1975
2392 1976
2711 1976
3775 1978
3792 1978
2349 1982
617 1984
5117 1984
5448 1984
232 1985
1252 1985
2041 1985
3437 1985
91 1987
370 1987
1454 1988
1523 1988
3515 1988
4128 1988
4298 1988
5405 1988
3029 1993
1207 1994
1294 1995
2790 1995
4554 1995
4834 1997
5438 1999
4103 2001
88 2003
824 2003
4322 2003
1342 2005
1891 2005
2266 2005
2455 2005
4621 2005
5172 2005
78 2007
5083 2007
1849 2008
1282 2012
1496 2012
2239 2012
2394 2012
3005 2012
3103 2012
302 2013
1348 2013
3015 2013
4873 2013
5489 2013
3575 2014
1004 2019
2253 2019
3198 2020
2876 2021
546 2025
1664 2025
2142 2025
1181 2026
4056 2026
1886 2027
450 2029
2331 2029
4534 2029
4537 2029
3335 2030
4035 2032
4834 2034
1252 2035
483 2036
5427 2036
299 2037
4068 2037
82 2038
287 2038
1147 2038
3209 2038
3408 2038
3998 2038
4668 2038
2840 2039
5270 2039
1079 2041
1985 2041
3127 2046
3413 2046
4969 2046
1765 2048
4033 2049
2658 2050
3346 2050
3806 2051
5381 2052
295 2055
458 2055
1075 2055
1154 2055
1292 2055
2082 2055
2247 2055
2642 2055
2810 2055
3114 2055
3525 2055
4099 2055
4718 2055
5323 2056
5060 2057
280 2060
629 2060
888 2060
1204 2060
1856 2060
3963 2060
4475 2061
1218 2062
2245 2066
3180 2066
4099 2067
3025 2068
3647 2068
4204 2068
611 2069
1269 2069
3532 2069
5410 2069
5172 2070
1849 2073
2433 2075
1791 2076
2584 2076
2659 2076
295 2082
1187 2082
1292 2082
2055 2082
2247 2082
2755 2082
2790 2082
2810 2082
3168 2082
3179 2082
3349 2082
3603 2082
3769 2082
3086 2084
5000 2086
759 2089
1941 2089
2919 2089
5262 2089
5449 2089
123 2091
3508 2091
1899 2092
2853 2092
3442 2095
1503 2096
1765 2096
3363 2096
101 2099
491 2099
1176 2099
1849 2099
2550 2099
2630 2099
2726 2099
3581 2099
373 2100
4271 2100
704 2101
805 2101
1870 2101
2452 2101
2458 2101
2612 2101
2825 2101
2829 2101
3112 2101
4597 2101
4734 2101
4900 2101
5073 2101
5093 2101
5096 2101
5490 2101
5514 2101
3280 2103
2739 2107
3224 2107
519 2111
563 2111
1003 2111
1170 2111
1370 2111
1670 2111
1900 2111
2188 2111
2655 2111
3129 2111
3282 2111
3378 2111
3785 2111
4092 2111
4607 2111
5372 2111
5496 2111
3460 2112
2189 2113
4948 2113
5330 2113
617 2114
757 2114
962 2114
1513 2114
1527 2114
1870 2114
1874 2114
2167 2114
2829 2114
3571 2114
3978 2114
4136 2114
4266 2114
4597 2114
4775 2114
5117 2114
5448 2114
281 2116
2901 2116
3924 2116
35 2122
1566 2123
2991 2123
4597 2123
5117 2123
5448 2123
220 2130
2776 2132
3643 2132
3689 2132
4433 2133
1244 2134
4117 2134
2310 2135
3636 2138
1254 2139
4621 2139
3444 2141
125 2142
1129 2142
2025 2142
2453 2142
4164 2142
4930 2142
5299 2142
299 2143
4489 2144
3875 2145
4718 2148
1656 2150
4176 2150
3149 2151
2565 2153
2526 2154
2808 2154
4384 2154
4974 2154
5032 2154
5098 2154
5302 2154
5224 2155
5594 2157
338 2158
1655 2158
1730 2158
2216 2159
3293 2159
4748 2159
5251 2159
3142 2160
4281 2161
1513 2163
1566 2163
4322 2163
5093 2163
103 2165
2816 2165
2900 2165
1557 2166
4934 2166
744 2167
1513 2167
2114 2167
3112 2167
5050 2167
5448 2167
59 2172
256 2172
337 2172
1420 2172
1616 2172
1663 2172
2234 2172
2349 2172
2518 2172
2570 2172
2644 2172
2670 2172
2874 2172
3191 2172
3257 2172
4056 2172
4360 2172
4498 2172
4815 2172
4860 2172
5062 2172
5497 2172
1120 2173
183 2175
4564 2175
5514 2176
662 2179
1679 2179
4022 2181
1353 2182
1838 2182
2745 2182
2799 2182
3959 2182
4291 2182
2488 2184
167 2185
1135 2186
3176 2186
3604 2186
4077 2186
1358 2187
3857 2187
7 2188
470 2188
1877 2188
2111 2188
2245 2188
2475 2188
3239 2188
3279 2188
3305 2188
4564 2188
4607 2188
5000 2188
5560 2188
5594 2188
2113 2189
334 2190
465 2190
2799 2190
3186 2190
3579 2190
4087 2190
5230 2190
2341 2191
2370 2191
2802 2191
5386 2191
74 2192
4484 2193
1479 2195
1133 2196
2523 2196
5400 2200
3318 2201
4896 2202
334 2204
663 2206
1529 2206
216 2207
299 2207
491 2207
552 2207
1290 2207
1376 2207
3275 2207
3343 2207
3513 2207
3739 2207
5442 2207
640 2209
1014 2209
1607 2209
1782 2209
2255 2209
2300 2209
3582 2209
4070 2209
4109 2209
4165 2209
4251 2209
4272 2209
4375 2209
5036 2209
5101 2209
5207 2209
5236 2209
5620 2209
4322 2213
4900 2213
4449 2214
3812 2215
1818 2216
1865 2216
1881 2216
2159 2216
4210 2216
5251 2216
59 2217
1511 2217
1856 2217
140 2219
4029 2219
2476 2220
4045 2221
4737 2221
1042 2222
2869 2227
4098 2227
232 2228
3604 2228
4003 2228
3305 2230
2172 2234
5348 2235
183 2239
2012 2239
901 2241
3092 2241
1758 2242
1934 2242
154 2245
823 2245
2066 2245
2188 2245
2617 2245
2782 2245
2957 2245
3386 2245
4337 2245
4977 2245
295 2247
1075 2247
1294 2247
1765 2247
2055 2247
2082 2247
2810 2247
2831 2247
3088 2247
4099 2247
4712 2247
5079 2247
5222 2247
720 2251
5301 2251
2019 2253
4599 2254
2209 2255
1705 2257
2630 2257
4660 2257
5572 2257
2813 2259
3139 2262
3356 2264
1363 2266
1688 2266
1733 2266
2005 2266
448 2267
566 2267
580 2267
2829 2267
4448 2267
1812 2270
3431 2270
5043 2270
4124 2271
4671 2271
5594 2271
675 2272
853 2273
299 2274
2658 2275
3110 2276
1300 2279
3974 2279
1895 2280
1733 2281
2696 2282
1944 2285
3472 2285
3621 2285
4567 2286
208 2287
2431 2287
2446 2287
3236 2287
3663 2287
3688 2287
4162 2287
4525 2287
4841 2287
3469 2289
4830 2289
101 2293
273 2293
413 2293
491 2293
4030 2293
4087 2293
4910 2294
436 2295
469 2297
2324 2297
4280 2297
2209 2300
3857 2303
3731 2304
769 2305
805 2305
1022 2305
1272 2305
1323 2305
1407 2305
2701 2305
3889 2305
3984 2305
4320 2305
4576 2305
4693 2305
5017 2305
5514 2305
5582 2305
117 2306
1883 2306
4775 2306
4900 2306
4051 2308
2135 2310
248 2311
1907 2312
299 2315
457 2316
352 2320
637 2320
4848 2320
4893 2320
5031 2321
3057 2322
720 2323
2297 2324
1813 2325
1944 2325
2549 2325
3228 2325
3835 2325
5222 2325
3463 2327
1322 2330
4671 2330
1066 2331
2029 2331
496 2332
4649 2334
221 2336
1127 2336
4402 2336
4919 2336
5184 2338
1106 2339
2191 2341
4806 2343
1205 2344
3330 2344
4496 2344
4535 2344
1856 2346
5226 2346
72 2349
673 2349
1420 2349
1982 2349
2172 2349
2812 2349
3582 2349
4109 2349
4272 2349
4375 2349
1667 2350
3857 2351
1889 2356
2831 2356
1719 2358
247 2362
2876 2362
4145 2362
1593 2363
634 2366
1331 2366
1549 2366
2602 2366
3531 2366
3683 2366
3878 2366
4564 2366
4621 2366
4909 2366
5001 2366
5366 2366
1335 2367
1829 2367
3874 2367
3990 2367
437 2368
4431 2369
607 2370
1931 2370
2191 2370
2645 2370
3121 2370
3388 2370
4958 2370
4998 2370
5054 2370
4516 2371
1184 2372
4569 2373
232 2375
2493 2375
3604 2375
4387 2375
4901 2375
5154 2375
5222 2375
2924 2378
5165 2378
3257 2379
4607 2380
5308 2380
2791 2383
3936 2384
5534 2386
3040 2387
5303 2387
1976 2392
4194 2392
5594 2393
1370 2394
2012 2394
2793 2394
2783 2397
1123 2398
3988 2398
703 2400
823 2400
829 2400
3180 2400
634 2401
4761 2401
1372 2402
1457 2402
1940 2402
2526 2402
2927 2402
3737 2402
3837 2402
20 2410
233 2410
903 2410
986 2410
1368 2410
1627 2410
398 2412
496 2413
1308 2413
1631 2415
3827 2416
664 2417
703 2417
4433 2419
299 2420
2545 2420
5346 2420
299 2421
2816 2421
3020 2421
3942 2421
3362 2423
551 2424
428 2425
3942 2428
2503 2430
3053 2430
89 2431
2287 2431
2722 2431
4387 2431
1801 2432
1075 2433
2075 2433
4319 2437
1160 2438
1367 2438
2739 2439
844 2442
625 2443
1921 2443
3051 2445
646 2446
2287 2446
2722 2446
504 2448
5556 2448
3340 2449
1414 2450
2815 2451
3063 2451
1214 2452
1421 2452
1771 2452
1870 2452
1883 2452
2101 2452
2842 2452
3575 2452
4583 2452
4672 2452
4681 2452
4724 2452
5599 2452
1129 2453
2142 2453
4003 2453
4164 2453
5585 2453
2005 2455
3852 2457
617 2458
757 2458
1527 2458
1566 2458
2101 2458
2800 2458
4395 2458
5117 2458
5173 2458
5448 2458
5514 2458
5124 2459
1801 2460
4612 2462
1061 2465
1360 2465
1877 2465
2655 2466
101 2468
299 2468
4521 2468
810 2469
3407 2469
3548 2470
120 2471
695 2474
3112 2474
2188 2475
5579 2475
1513 2476
2220 2476
2817 2476
4322 2476
4714 2476
5117 2476
291 2477
117 2478
769 2478
1352 2481
3186 2481
1849 2483
306 2484
4429 2484
3377 2485
3311 2486
3509 2486
4941 2487
2184 2488
3719 2488
1845 2490
3280 2491
5093 2491
1715 2492
2595 2492
2685 2492
2853 2492
2979 2492
3038 2492
3043 2492
3221 2492
3531 2492
4404 2492
4728 2492
4814 2492
2375 2493
2696 2493
3150 2493
4799 2494
493 2496
1303 2498
753 2500
3688 2501
5230 2501
2430 2503
3555 2503
2668 2505
3308 2505
5114 2505
694 2508
1289 2508
1363 2510
4117 2510
3230 2512
1286 2514
1189 2516
2172 2518
4307 2520
3956 2521
4906 2521
35 2523
2196 2523
5059 2524
3460 2525
655 2526
2154 2526
2402 2526
2665 2526
2846 2526
3936 2526
4157 2526
4674 2526
1551 2528
193 2529
2654 2529
2655 2529
5228 2529
863 2530
2673 2533
59 2535
1849 2537
5222 2538
653 2539
1707 2539
5222 2539
4892 2540
1398 2541
5609 2541
5172 2543
2420 2545
1065 2546
1839 2546
2798 2546
3208 2546
5221 2546
5383 2547
335 2549
345 2549
1106 2549
1123 2549
1572 2549
1810 2549
1849 2549
1944 2549
2325 2549
3598 2549
3794 2549
3973 2549
4164 2549
5585 2549
465 2550
491 2550
2099 2550
3394 2550
1915 2551
2897 2551
2876 2553
169 2555
5356 2556
299 2557
3080 2558
765 2559
1129 2559
1160 2559
1222 2559
1682 2559
2784 2559
3604 2559
3678 2559
3688 2559
3852 2559
3973 2559
4895 2559
4910 2559
5124 2559
5181 2559
1849 2562
2153 2565
2875 2565
5384 2567
3548 2568
2172 2570
4825 2570
937 2571
2945 2572
3345 2572
5597 2572
1428 2573
2958 2573
3955 2573
3345 2574
1435 2578
1972 2579
698 2580
3412 2581
1363 2582
206 2583
117 2584
405 2584
1791 2584
2076 2584
2659 2584
2833 2589
1167 2591
4243 2593
2810 2594
752 2595
1891 2595
2492 2595
4484 2595
4607 2595
5322 2596
1753 2597
3531 2599
3522 2600
5113 2601
2366 2602
796 2603
1545 2604
3198 2604
4096 2605
958 2607
3029 2608
2101 2612
4093 2612
5117 2612
1131 2613
3186 2613
3564 2613
4162 2613
4387 2613
4875 2613
1003 2614
3846 2615
4301 2615
5579 2616
2245 2617
3127 2617
2960 2618
1627 2626
3744 2626
5599 2629
258 2630
491 2630
687 2630
1765 2630
2099 2630
2257 2630
2778 2630
3381 2630
5060 2630
5356 2630
4919 2631
4627 2632
753 2634
1321 2638
298 2639
2879 2639
4874 2639
1862 2640
5099 2640
3936 2641
1424 2642
2055 2642
1420 2644
1663 2644
2172 2644
5036 2644
2370 2645
4628 2647
4890 2650
1222 2651
3020 2651
3495 2651
3972 2651
4162 2651
2715 2652
2529 2654
2111 2655
2466 2655
2529 2655
5310 2655
1810 2658
2050 2658
2275 2658
3296 2658
3797 2658
5625 2658
291 2659
2076 2659
2584 2659
4662 2661
4892 2662
3601 2663
5469 2663
3387 2664
169 2665
782 2665
1495 2665
1891 2665
2526 2665
2758 2665
2884 2665
3043 2665
3562 2665
4088 2665
4484 2665
4977 2665
5070 2665
1377 2666
3520 2666
4099 2666
5079 2666
118 2667
1511 2667
338 2668
2505 2668
2172 2670
169 2671
374 2671
1715 2671
2884 2671
3460 2671
3725 2671
2533 2673
4638 2674
5080 2674
5473 2674
4731 2675
2730 2676
5507 2676
5054 2677
59 2679
4802 2681
5105 2681
169 2683
1280 2683
3914 2683
4484 2683
5291 2683
2492 2685
4822 2685
1765 2687
4164 2688
1051 2691
694 2693
1762 2693
3518 2693
3750 2694
89 2696
232 2696
1000 2696
1005 2696
1332 2696
1345 2696
1679 2696
2282 2696
2493 2696
3078 2696
3158 2696
4187 2696
4387 2696
4460 2696
5154 2696
5222 2696
5398 2696
2747 2697
3942 2697
4895 2697
5157 2698
659 2701
2305 2701
2863 2701
3274 2701
5017 2701
5027 2701
5197 2701
5508 2701
3319 2702
3596 2702
1541 2703
2922 2705
3308 2705
4236 2705
5240 2705
584 2709
4908 2709
1976 2711
1787 2715
2652 2715
2884 2715
3212 2715
4674 2715
5365 2715
1715 2717
3305 2717
3876 2718
3171 2721
3175 2721
724 2722
2431 2722
2446 2722
2999 2722
3495 2722
3973 2722
4525 2722
4530 2722
4557 2722
20 2723
4418 2724
600 2726
2099 2726
4920 2728
299 2730
2676 2730
1321 2732
2846 2732
2964 2732
4299 2732
5372 2732
164 2734
1470 2734
1525 2735
2739 2735
5021 2735
4395 2736
233 2737
4901 2737
1249 2739
2107 2739
2439 2739
2735 2739
769 2740
5197 2740
662 2745
2182 2745
491 2746
2697 2747
3688 2747
5361 2749
59 2751
3516 2753
2082 2755
4205 2756
2665 2758
5108 2762
5430 2764
4208 2768
4588 2768
5356 2768
5465 2770
1074 2773
1392 2773
2132 2776
2630 2778
3356 2778
3900 2778
4897 2778
5053 2778
5185 2778
3963 2780
2245 2782
1478 2783
2397 2783
2559 2784
3495 2784
4311 2785
1460 2786
4420 2788
295 2790
1292 2790
1995 2790
2082 2790
2810 2790
2383 2791
2394 2793
5440 2793
703 2794
3060 2794
703 2795
3028 2795
5307 2795
4068 2797
664 2798
1363 2798
2546 2798
2876 2798
3064 2798
3941 2798
4176 2798
4599 2798
5070 2798
5366 2798
433 2799
487 2799
1353 2799
1936 2799
2182 2799
2190 2799
3596 2799
4139 2799
4291 2799
4387 2799
1099 2800
1527 2800
2458 2800
4900 2800
2191 2802
1629 2803
1715 2803
3029 2804
2154 2808
381 2810
482 2810
1006 2810
1075 2810
1131 2810
1294 2810
1489 2810
2055 2810
2082 2810
2247 2810
2594 2810
2790 2810
2828 2810
2831 2810
3088 2810
3154 2810
3868 2810
4099 2810
4486 2810
4712 2810
5079 2810
1083 2811
59 2812
2349 2812
2259 2813
2451 2815
2165 2816
2421 2816
1740 2817
2476 2817
3611 2818
1004 2821
1703 2821
4638 2823
4703 2824
1272 2825
1323 2825
1925 2825
2101 2825
3112 2825
4322 2825
169 2826
823 2826
2810 2828
4910 2828
117 2829
190 2829
448 2829
617 2829
695 2829
1297 2829
1477 2829
1700 2829
2101 2829
2114 2829
2267 2829
2842 2829
3112 2829
4266 2829
4734 2829
5117 2829
5448 2829
3319 2830
295 2831
458 2831
1006 2831
1154 2831
1292 2831
2247 2831
2356 2831
2810 2831
3525 2831
4718 2831
5109 2831
5084 2832
183 2833
742 2833
2589 2833
295 2835
458 2835
1292 2835
4718 2835
174 2836
1534 2836
2907 2836
4439 2836
2039 2840
2452 2842
2829 2842
5073 2842
4322 2843
1217 2844
3202 2844
1505 2846
2526 2846
2732 2846
2979 2846
4977 2846
1963 2849
690 2853
790 2853
825 2853
1428 2853
1777 2853
2092 2853
2492 2853
3386 2853
3531 2853
3755 2853
4614 2853
4969 2853
5122 2853
5372 2853
3613 2854
1604 2856
20 2859
299 2859
1838 2859
1963 2859
4162 2859
4656 2859
5607 2859
15 2861
1684 2861
4110 2862
4141 2862
2701 2863
1494 2864
3638 2864
939 2868
4286 2868
2227 2869
4216 2871
4735 2871
83 2872
2172 2874
2565 2875
713 2876
2021 2876
2362 2876
2553 2876
2798 2876
3171 2876
3317 2876
3378 2876
3384 2876
4167 2876
4176 2876
4621 2876
4844 2876
5184 2876
1925 2877
2639 2879
3973 2879
4517 2879
1282 2883
5635 2883
703 2884
782 2884
1401 2884
1551 2884
2665 2884
2671 2884
2715 2884
3116 2884
3408 2884
4404 2884
5172 2884
456 2885
4330 2885
4546 2885
4724 2885
5045 2886
4130 2887
3437 2889
888 2892
1228 2895
3570 2895
2551 2897
1154 2898
1292 2898
3305 2899
323 2900
573 2900
1368 2900
2165 2900
3020 2900
5292 2900
750 2901
2116 2901
3972 2901
4910 2901
1006 2902
1292 2902
1368 2902
1191 2903
183 2904
701 2904
2964 2904
3539 2904
4564 2904
299 2906
2836 2907
299 2908
3942 2908
1077 2909
217 2910
3961 2911
4910 2911
3561 2912
888 2914
3548 2915
149 2916
3408 2918
4176 2918
2089 2919
4170 2919
4930 2920
3397 2921
2705 2922
2378 2924
80 2925
784 2925
1304 2925
3781 2925
4022 2925
4946 2925
1123 2926
4791 2926
496 2927
706 2927
1259 2927
1512 2927
2402 2927
3263 2927
3375 2927
4575 2927
4806 2927
5308 2927
5465 2927
5594 2927
5356 2928
679 2929
1849 2929
3643 2930
3792 2930
4781 2931
1370 2934
5496 2934
4806 2935
4936 2939
413 2943
1877 2944
2572 2945
357 2946
1003 2946
1215 2946
5324 2946
4301 2950
1038 2951
1138 2952
59 2953
109 2955
5114 2955
1856 2956
2245 2957
2573 2958
3801 2958
2618 2960
2732 2964
2904 2964
5440 2964
4551 2966
4562 2971
4913 2971
4772 2973
3713 2978
706 2979
2492 2979
2846 2979
5162 2979
5579 2983
3439 2984
5080 2984
3335 2985
5496 2985
844 2986
5308 2987
122 2989
3308 2990
2123 2991
3151 2991
4781 2993
594 2996
4627 2998
717 2999
1912 2999
2722 2999
5199 2999
5547 2999
5080 3000
3615 3001
5547 3002
5548 3002
1656 3005
2012 3005
3060 3005
1150 3006
1342 3006
1715 3006
3038 3006
3069 3006
3531 3006
3903 3006
4614 3006
5171 3006
738 3007
4189 3007
504 3010
2013 3015
3463 3019
410 3020
698 3020
1503 3020
2421 3020
2651 3020
2900 3020
3495 3020
3637 3020
3972 3020
1887 3024
4107 3024
4951 3024
2068 3025
1818 3026
4210 3026
2795 3028
4861 3028
477 3029
642 3029
685 3029
872 3029
1993 3029
2608 3029
2804 3029
3561 3029
3717 3029
3831 3029
4061 3029
4703 3029
4750 3029
4916 3029
5480 3029
299 3030
612 3030
5594 3031
1851 3033
3866 3033
5634 3035
3328 3036
3688 3037
490 3038
496 3038
1190 3038
1381 3038
2492 3038
3006 3038
4621 3038
169 3039
3460 3039
731 3040
2387 3040
5533 3040
316 3043
706 3043
1317 3043
1321 3043
1363 3043
1688 3043
2492 3043
2665 3043
4484 3043
4607 3043
5465 3043
1629 3045
3857 3045
5123 3047
4177 3049
805 3051
1932 3051
2445 3051
3274 3051
3380 3051
3862 3051
4263 3051
4576 3051
4615 3051
4759 3051
5143 3051
5197 3051
5603 3051
3851 3052
5542 3052
2430 3053
4607 3055
2322 3057
1870 3058
1959 3058
3746 3059
373 3060
501 3060
730 3060
782 3060
1520 3060
2794 3060
3005 3060
3232 3060
299 3062
433 3062
3470 3062
2451 3063
2798 3064
1118 3066
5473 3067
3006 3069
3606 3072
4872 3072
5462 3073
4370 3074
5594 3075
1113 3078
1694 3078
2696 3078
4556 3078
4910 3078
2558 3080
3882 3081
336 3082
730 3082
1317 3082
1610 3082
4776 3082
5594 3082
2084 3086
4055 3087
5222 3087
295 3088
458 3088
709 3088
1154 3088
1292 3088
2247 3088
2810 3088
3114 3088
650 3089
460 3090
633 3092
1035 3092
1696 3092
2241 3092
3641 3092
3685 3092
3717 3092
3953 3092
4022 3092
4331 3092
4402 3092
4462 3092
4840 3092
5065 3092
863 3097
4114 3099
120 3101
1812 3103
1839 3103
2012 3103
3810 3103
4167 3103
5221 3103
209 3105
1573 3105
3982 3107
5434 3107
5077 3109
2276 3110
1694 3111
5411 3111
117 3112
757 3112
1513 3112
1527 3112
2101 3112
2167 3112
2474 3112
2825 3112
2829 3112
4395 3112
4597 3112
4721 3112
5073 3112
5117 3112
5173 3112
5448 3112
5514 3112
1292 3114
1294 3114
2055 3114
3088 3114
4099 3114
5079 3114
2884 3116
1308 3118
4205 3118
3643 3119
4443 3119
836 3120
2370 3121
1152 3122
1815 3122
3348 3124
1170 3125
472 3127
1218 3127
1975 3127
2046 3127
2617 3127
3155 3127
3305 3127
3413 3127
4301 3127
4638 3127
4733 3127
5000 3127
5015 3127
5169 3127
5175 3127
5560 3127
3472 3128
2111 3129
329 3131
3652 3134
3936 3134
121 3136
679 3137
1129 3137
3631 3137
5286 3137
5585 3137
4739 3138
1945 3139
2262 3139
3932 3139
5137 3140
5162 3141
2160 3142
1007 3143
1849 3144
4495 3145
5326 3145
126 3146
288 3147
349 3147
507 3147
1083 3147
2151 3149
299 3150
2493 3150
1323 3151
2991 3151
1075 3154
2810 3154
4150 3154
47 3155
3127 3155
3562 3155
462 3156
1813 3156
2696 3158
3688 3158
4162 3158
4910 3158
5385 3158
5443 3158
275 3162
1849 3166
1694 3168
2082 3168
3653 3168
5356 3168
683 3171
2721 3171
2876 3171
3316 3171
3426 3171
5283 3171
299 3174
2721 3175
3846 3175
2186 3176
3281 3176
3988 3176
2082 3179
3377 3179
1891 3180
2066 3180
2400 3180
4484 3180
320 3181
1715 3181
3414 3181
3833 3181
3912 3181
4977 3181
5098 3181
5479 3181
208 3186
1184 3186
2190 3186
2481 3186
2613 3186
3202 3186
4079 3186
4390 3186
5154 3186
2172 3191
1201 3193
300 3194
4614 3197
2020 3198
2604 3198
4318 3198
66 3199
523 3202
1611 3202
2844 3202
3186 3202
4381 3202
4946 3202
5051 3202
694 3204
4117 3205
170 3208
2546 3208
3531 3208
1326 3209
1553 3209
2038 3209
5635 3209
5430 3210
2715 3212
3463 3212
5172 3212
1835 3215
4235 3215
1728 3217
169 3221
2492 3221
4213 3221
2107 3224
3960 3225
668 3227
1031 3228
1813 3228
2325 3228
4003 3228
5346 3228
702 3229
1316 3230
2512 3230
3305 3231
373 3232
713 3232
3060 3232
4205 3235
2287 3236
181 3239
2188 3239
3531 3239
4607 3239
5515 3239
150 3245
299 3246
5398 3246
36 3248
4263 3250
1849 3252
4444 3252
2172 3257
2379 3257
1323 3258
4576 3258
4693 3258
5582 3258
1403 3263
2927 3263
74 3264
3305 3268
872 3270
3311 3270
3509 3270
2701 3274
3051 3274
4576 3274
4693 3274
5017 3274
2207 3275
5344 3275
2188 3279
2103 3280
2491 3280
3176 3281
2111 3282
4192 3282
5172 3282
5237 3282
5506 3282
3848 3286
4056 3287
4461 3287
299 3288
4854 3290
190 3292
4900 3292
493 3293
911 3293
1717 3293
1915 3293
2159 3293
4023 3293
4331 3293
4985 3293
2658 3296
496 3298
1848 3300
4801 3301
232 3302
1176 3302
546 3303
3688 3303
5051 3303
185 3304
5233 3304
526 3305
885 3305
1057 3305
1486 3305
1530 3305
1534 3305
1548 3305
2188 3305
2230 3305
2717 3305
2899 3305
3127 3305
3231 3305
3268 3305
3386 3305
3427 3305
3538 3305
3765 3305
3930 3305
4332 3305
4648 3305
4977 3305
5000 3305
5070 3305
5228 3305
5372 3305
5383 3305
5623 3305
4705 3307
2505 3308
2705 3308
2990 3308
80 3311
313 3311
863 3311
872 3311
2486 3311
3270 3311
3509 3311
3596 3311
4411 3311
5303 3311
4022 3313
3171 3316
2876 3317
2201 3318
3529 3318
820 3319
902 3319
1184 3319
1394 3319
1944 3319
2702 3319
2830 3319
3587 3319
5051 3319
5601 3319
4327 3320
4516 3322
5457 3323
466 3324
4162 3324
4461 3326
39 3327
673 3327
3716 3327
3036 3328
2344 3330
3495 3330
3375 3334
2030 3335
2985 3335
4232 3335
5383 3336
1543 3337
1194 3339
2449 3340
2207 3343
1121 3345
1186 3345
1382 3345
2572 3345
2574 3345
3393 3345
4059 3345
4943 3345
2050 3346
81 3347
3124 3348
1503 3349
2082 3349
602 3350
309 3351
3846 3351
5579 3351
823 3353
291 3355
2264 3356
2778 3356
1315 3358
5412 3359
4575 3360
1317 3361
3426 3361
1822 3362
2423 3362
2096 3363
299 3364
1374 3365
3540 3365
4093 3366
1889 3367
1576 3369
1579 3369
3387 3370
554 3371
3454 3371
3973 3371
4875 3371
209 3372
1818 3372
4035 3372
5557 3372
491 3374
2927 3375
3334 3375
2485 3377
3179 3377
4899 3377
35 3378
989 3378
1162 3378
1316 3378
2111 3378
2876 3378
3051 3380
238 3381
2630 3381
338 3382
2876 3384
197 3385
1686 3386
1746 3386
2245 3386
2853 3386
3305 3386
1963 3387
2664 3387
3370 3387
3495 3387
3794 3387
4212 3387
2370 3388
3818 3390
1772 3392
3345 3393
491 3394
2550 3394
2921 3397
4086 3398
4383 3399
4323 3400
4149 3405
4818 3406
810 3407
2469 3407
183 3408
2038 3408
2884 3408
2918 3408
4564 3408
2581 3412
5496 3412
5529 3412
1319 3413
2046 3413
3127 3413
3181 3414
836 3418
939 3419
3516 3420
299 3422
3942 3422
316 3426
474 3426
3171 3426
3361 3426
3305 3427
3961 3430
2270 3431
405 3434
4322 3434
20 3437
34 3437
636 3437
756 3437
766 3437
1343 3437
1665 3437
1862 3437
1985 3437
2889 3437
3530 3437
3688 3437
3812 3437
3996 3437
4308 3437
4673 3437
4841 3437
4866 3437
4910 3437
5056 3437
5185 3437
35 3439
2984 3439
5547 3440
2095 3442
2141 3444
1321 3447
4412 3447
299 3452
3857 3453
3371 3454
5172 3456
131 3458
181 3460
655 3460
862 3460
899 3460
1120 3460
1244 3460
1319 3460
1363 3460
2112 3460
2525 3460
2671 3460
3039 3460
3754 3460
3778 3460
3825 3460
3884 3460
4414 3460
4575 3460
4599 3460
4725 3460
4772 3460
5172 3460
5324 3460
89 3461
5517 3461
244 3463
246 3463
1162 3463
1316 3463
1428 3463
2327 3463
3019 3463
3212 3463
3665 3463
3756 3463
3944 3463
4114 3463
1051 3464
4096 3467
2289 3469
4830 3469
3062 3470
181 3471
1414 3472
2285 3472
3128 3472
539 3473
4551 3478
4796 3480
406 3482
3745 3487
725 3489
4060 3489
4327 3489
5065 3489
5638 3490
1507 3491
228 3492
553 3492
211 3494
233 3495
986 3495
1572 3495
1849 3495
2651 3495
2722 3495
2784 3495
3020 3495
3330 3495
3387 3495
3973 3495
4030 3495
4252 3495
4474 3495
4517 3495
4901 3495
5068 3495
5154 3495
5475 3495
1335 3496
334 3497
4638 3501
3595 3503
4572 3506
2091 3508
2486 3509
3270 3509
3311 3509
1750 3510
2207 3513
1988 3515
755 3516
2753 3516
3420 3516
281 3518
820 3518
2693 3518
2666 3520
4099 3520
5079 3520
473 3521
553 3521
1851 3521
3593 3521
2600 3522
37 3523
4056 3524
5128 3524
1075 3525
1294 3525
2055 3525
2831 3525
5079 3525
4607 3526
5321 3527
3318 3529
1123 3530
3437 3530
3679 3530
19 3531
318 3531
496 3531
563 3531
706 3531
1153 3531
1363 3531
1656 3531
1688 3531
2366 3531
2492 3531
2599 3531
2853 3531
3006 3531
3208 3531
3239 3531
3677 3531
4117 3531
4484 3531
4607 3531
4628 3531
5026 3531
2069 3532
1801 3534
77 3535
1321 3535
3305 3538
4536 3538
2904 3539
3365 3540
3601 3540
582 3541
1578 3541
1144 3543
5370 3543
3901 3547
743 3548
774 3548
1305 3548
2470 3548
2568 3548
2915 3548
5054 3548
2503 3555
4788 3559
2912 3561
3029 3561
3895 3561
4062 3561
4085 3561
5494 3561
1549 3562
2665 3562
3155 3562
4844 3562
2613 3564
739 3567
1198 3568
1676 3568
5496 3569
5504 3569
403 3570
2895 3570
5196 3570
769 3571
2114 3571
4517 3572
5318 3572
3630 3573
1097 3575
1700 3575
1969 3575
2014 3575
2452 3575
4662 3575
4734 3575
5311 3575
5634 3575
2190 3579
2099 3581
5220 3581
59 3582
2209 3582
2349 3582
5598 3582
299 3584
1222 3584
3735 3584
1361 3585
299 3587
1289 3587
1503 3587
3319 3587
4804 3587
5224 3591
1321 3592
228 3593
553 3593
1851 3593
3521 3593
3866 3593
5513 3593
3503 3595
1324 3596
1627 3596
2702 3596
2799 3596
3311 3596
4411 3596
5303 3596
2 3598
662 3598
1648 3598
1944 3598
2549 3598
3688 3598
66 3599
2663 3601
3540 3601
2082 3603
233 3604
546 3604
1135 3604
1679 3604
2186 3604
2228 3604
2375 3604
2559 3604
3663 3604
4077 3604
4682 3604
4895 3604
5519 3604
3072 3606
5502 3607
526 3609
3770 3609
3801 3609
2818 3611
4822 3611
694 3612
3961 3612
824 3613
2854 3613
3001 3615
661 3616
5118 3616
1726 3617
2285 3621
4929 3622
3573 3630
679 3631
3137 3631
4783 3631
4895 3631
5286 3631
5601 3631
4060 3635
126 3636
2138 3636
3020 3637
2864 3638
4035 3640
3092 3641
3915 3641
4191 3641
5564 3641
642 3643
697 3643
1023 3643
2132 3643
2930 3643
3119 3643
4818 3643
5151 3643
4086 3645
3992 3646
2068 3647
5594 3648
3857 3649
35 3651
205 3652
1891 3652
3134 3652
4484 3652
4607 3652
4628 3652
5452 3652
5459 3652
1694 3653
3168 3653
1263 3655
1857 3655
1574 3658
3725 3658
1474 3660
5462 3660
721 3663
1367 3663
1572 3663
2287 3663
3604 3663
5398 3663
3463 3665
4480 3667
1945 3668
1634 3671
323 3676
903 3676
5068 3676
496 3677
3531 3677
1572 3678
1849 3678
2559 3678
4460 3678
5398 3678
986 3679
3530 3679
3688 3679
5257 3679
299 3680
164 3683
1960 3683
2366 3683
3092 3685
862 3686
1066 3686
89 3688
232 3688
410 3688
978 3688
986 3688
1572 3688
1679 3688
1849 3688
2287 3688
2501 3688
2559 3688
2747 3688
3037 3688
3158 3688
3303 3688
3437 3688
3598 3688
3679 3688
3852 3688
4291 3688
4381 3688
4387 3688
4442 3688
4460 3688
5222 3688
5382 3688
2132 3689
4953 3689
733 3690
3818 3691
3745 3696
5372 3700
668 3701
620 3704
1027 3706
1913 3706
5001 3711
820 3713
2978 3713
807 3714
1487 3714
3927 3714
563 3715
3327 3716
3029 3717
3092 3717
2488 3719
1170 3721
3961 3724
2671 3725
3658 3725
4142 3725
4447 3725
3876 3727
4067 3728
2304 3731
434 3733
3961 3734
433 3735
3584 3735
2402 3737
4816 3738
242 3739
922 3739
2207 3739
3877 3742
317 3744
2626 3744
3973 3744
4139 3744
4557 3744
4664 3744
4874 3744
5554 3744
5572 3744
828 3745
1126 3745
3487 3745
3696 3745
3965 3745
5242 3745
1573 3746
3059 3746
3959 3746
4557 3746
834 3747
3888 3748
465 3750
621 3750
2694 3750
4512 3750
1765 3751
1849 3751
634 3752
5329 3752
4067 3753
4418 3753
3460 3754
2853 3755
3463 3756
919 3758
1184 3758
1862 3758
1952 3758
5099 3758
5222 3760
3831 3762
3305 3765
290 3768
1450 3769
2082 3769
3609 3770
955 3773
3850 3774
1978 3775
5056 3777
670 3778
3460 3778
1960 3779
755 3780
2925 3781
190 3783
200 3783
4895 3784
2111 3785
3810 3785
5070 3785
5273 3785
338 3786
5161 3786
1099 3787
3818 3789
3825 3790
4594 3791
1978 3792
2930 3792
29 3794
2549 3794
3387 3794
3973 3794
4557 3794
4901 3794
5371 3794
5554 3794
2658 3797
1363 3798
5449 3798
1062 3800
3932 3800
4932 3800
2958 3801
3609 3801
3888 3801
4607 3801
5473 3801
765 3802
571 3803
2051 3806
3921 3808
679 3809
3103 3810
3785 3810
299 3812
2215 3812
3437 3812
5438 3813
4526 3814
5052 3814
145 3815
433 3815
1503 3815
66 3817
909 3818
1473 3818
3390 3818
3691 3818
3789 3818
4245 3818
4626 3818
1583 3820
4575 3820
4789 3822
1593 3823
167 3824
338 3824
3460 3825
3790 3825
4549 3825
2416 3827
4113 3828
3029 3831
3762 3831
5072 3832
3181 3833
2325 3835
1629 3837
2402 3837
4576 3838
1631 3840
5430 3840
299 3842
3961 3842
1485 3846
2615 3846
3175 3846
3351 3846
504 3847
1070 3847
1441 3847
3286 3848
5356 3848
1858 3849
4022 3849
5513 3849
1338 3850
3774 3850
3052 3851
981 3852
1239 3852
2457 3852
2559 3852
3688 3852
5356 3852
169 3855
1612 3855
4322 3856
5582 3856
1900 3857
2187 3857
2303 3857
2351 3857
3045 3857
3453 3857
3649 3857
4335 3857
4977 3857
5055 3857
5372 3857
748 3858
3051 3862
228 3866
553 3866
3033 3866
3593 3866
4838 3866
2810 3868
4787 3871
2367 3874
2145 3875
2718 3876
3727 3876
517 3877
692 3877
713 3877
3742 3877
4862 3877
4977 3877
5324 3877
5563 3877
643 3878
1549 3878
2366 3878
4351 3878
5465 3878
1638 3879
1633 3881
4934 3881
3081 3882
114 3883
1575 3883
3460 3884
5635 3884
218 3885
1142 3886
5362 3887
1897 3888
3748 3888
3801 3888
5529 3888
1568 3889
2305 3889
4788 3889
5556 3890
60 3891
234 3892
4164 3892
3561 3895
2778 3900
5053 3900
5442 3900
3547 3901
1960 3903
3006 3903
623 3906
1162 3908
3181 3912
2683 3914
3641 3915
32 3918
4294 3919
1915 3921
3808 3921
2116 3924
4517 3924
4731 3924
4638 3925
3714 3927
3305 3930
3139 3932
3800 3932
1567 3933
4022 3933
3942 3934
1963 3935
1580 3936
2384 3936
2526 3936
2641 3936
3134 3936
5536 3936
620 3939
1007 3939
5007 3939
309 3941
2798 3941
5465 3941
111 3942
791 3942
997 3942
1077 3942
1101 3942
1131 3942
1266 3942
1414 3942
1493 3942
2421 3942
2428 3942
2697 3942
2908 3942
3422 3942
3934 3942
3945 3942
4055 3942
4478 3942
4646 3942
4712 3942
5177 3942
3463 3944
3942 3945
820 3946
978 3946
4866 3946
5060 3946
1849 3947
1117 3948
5356 3950
3092 3953
2573 3955
5391 3955
2521 3956
487 3959
1353 3959
1936 3959
2182 3959
3746 3959
4291 3959
4442 3959
1051 3960
3225 3960
4260 3960
5599 3960
938 3961
2911 3961
3430 3961
3612 3961
3724 3961
3734 3961
3842 3961
4309 3961
451 3963
471 3963
640 3963
673 3963
2060 3963
2780 3963
4949 3963
5401 3963
1074 3965
3745 3965
5579 3969
89 3972
335 3972
410 3972
433 3972
548 3972
694 3972
1799 3972
1934 3972
2651 3972
2901 3972
3020 3972
5154 3972
502 3973
750 3973
1222 3973
1503 3973
2549 3973
2559 3973
2722 3973
2879 3973
3371 3973
3495 3973
3744 3973
3794 3973
4162 3973
4181 3973
4455 3973
4474 3973
4874 3973
4895 3973
4910 3973
5641 3973
2279 3974
4471 3974
4639 3974
1399 3976
1870 3978
2114 3978
4292 3978
5448 3978
5344 3979
3107 3982
5434 3982
5113 3983
793 3984
1320 3984
2305 3984
5027 3984
5197 3984
5508 3984
5497 3986
103 3988
462 3988
745 3988
2398 3988
3176 3988
5441 3988
1335 3990
2367 3990
3646 3992
4275 3993
5002 3993
299 3995
5051 3995
3437 3996
1839 3997
2038 3998
4384 3998
4705 3998
5228 3998
1184 4003
1366 4003
2228 4003
2453 4003
3228 4003
5442 4003
4900 4006
658 4011
1391 4018
5197 4021
605 4022
1894 4022
2181 4022
2925 4022
3092 4022
3313 4022
3849 4022
3933 4022
4023 4022
4162 4022
4331 4022
403 4023
3293 4023
4022 4023
5256 4028
2219 4029
750 4030
978 4030
2293 4030
3495 4030
5385 4030
1012 4031
1835 4033
2049 4033
4296 4034
2032 4035
3372 4035
3640 4035
5534 4038
5324 4039
730 4042
499 4043
4526 4044
2221 4045
5383 4045
908 4047
1272 4047
1925 4047
299 4051
348 4051
2308 4051
117 4053
1297 4053
4322 4053
4775 4053
4900 4053
5311 4053
3087 4055
3942 4055
343 4056
632 4056
2026 4056
2172 4056
3287 4056
3524 4056
3345 4059
122 4060
209 4060
725 4060
3489 4060
3635 4060
85 4061
477 4061
3029 4061
3561 4062
5465 4063
534 4066
3728 4067
3753 4067
4696 4067
1292 4068
2037 4068
2797 4068
2209 4070
1135 4077
2186 4077
3604 4077
4682 4077
3186 4079
1101 4082
4820 4082
630 4083
1662 4083
4288 4083
4833 4083
5427 4084
3561 4085
3398 4086
3645 4086
2190 4087
2293 4087
5005 4087
2665 4088
5065 4089
1891 4091
4484 4091
2111 4092
1169 4093
2612 4093
3366 4093
5159 4093
1496 4095
5247 4095
1551 4096
2605 4096
3467 4096
5460 4096
2227 4098
295 4099
458 4099
777 4099
1154 4099
1292 4099
2055 4099
2067 4099
2247 4099
2666 4099
2810 4099
3114 4099
3520 4099
5079 4099
5361 4101
2001 4103
1307 4104
3024 4107
2209 4109
2349 4109
2862 4110
3828 4113
1140 4114
3099 4114
3463 4114
4437 4114
4564 4114
5175 4114
2134 4117
2510 4117
3205 4117
3531 4117
4764 4117
5253 4118
35 4122
172 4122
5085 4122
742 4123
2271 4124
5001 4127
1988 4128
1 4129
2887 4130
4369 4131
1870 4136
2114 4136
4301 4137
232 4139
2799 4139
3744 4139
211 4140
1808 4141
2862 4141
4815 4141
3725 4142
4830 4143
183 4145
1003 4145
1549 4145
2362 4145
5262 4145
74 4146
3405 4149
3154 4150
2526 4157
5184 4157
5311 4161
89 4162
101 4162
103 4162
138 4162
208 4162
232 4162
250 4162
410 4162
433 4162
986 4162
1000 4162
1627 4162
1679 4162
1849 4162
1934 4162
2287 4162
2613 4162
2651 4162
2859 4162
3158 4162
3324 4162
3973 4162
4022 4162
4387 4162
4557 4162
4901 4162
5222 4162
679 4164
983 4164
1129 4164
2142 4164
2453 4164
2549 4164
2688 4164
3892 4164
5585 4164
2209 4165
2876 4167
3103 4167
4203 4167
5372 4167
5563 4167
706 4170
2919 4170
1210 4172
1511 4173
650 4175
1308 4176
2150 4176
2798 4176
2876 4176
2918 4176
1854 4177
3049 4177
3973 4181
231 4183
2696 4187
4869 4187
5402 4188
3007 4189
839 4190
3641 4191
3282 4192
4584 4192
2392 4194
4900 4195
782 4203
814 4203
1583 4203
4167 4203
2068 4204
1386 4205
1835 4205
2756 4205
3118 4205
3235 4205
1478 4206
1382 4207
2768 4208
2216 4210
3026 4210
5251 4210
3387 4212
5189 4212
689 4213
3221 4213
126 4214
1770 4215
4484 4215
4854 4215
5372 4215
5389 4215
2871 4216
5157 4216
4434 4218
5469 4220
4772 4228
1119 4229
4673 4229
4835 4229
4888 4229
1382 4230
4954 4230
5497 4230
1501 4232
1574 4232
3335 4232
299 4233
1359 4235
3215 4235
1597 4236
2705 4236
4434 4240
4322 4241
5117 4241
5197 4241
658 4242
829 4243
1317 4243
2593 4243
4674 4243
5473 4243
1144 4244
3818 4245
276 4247
4296 4247
4516 4249
1012 4250
2209 4251
202 4252
433 4252
1711 4252
3495 4252
5427 4254
260 4260
1051 4260
3960 4260
5377 4261
5137 4262
1552 4263
1969 4263
3051 4263
3250 4263
4900 4263
988 4264
4839 4264
769 4266
805 4266
1323 4266
2114 4266
2829 4266
4320 4266
4576 4266
4597 4266
5027 4266
5448 4266
946 4269
4863 4270
1298 4271
2100 4271
5334 4271
2209 4272
2349 4272
141 4275
3993 4275
5052 4275
1849 4277
1382 4279
2297 4280
2161 4281
252 4282
4780 4283
1395 4284
664 4285
2868 4286
4083 4288
4459 4290
1353 4291
1936 4291
1944 4291
2182 4291
2799 4291
3688 4291
3959 4291
5292 4291
3978 4292
1790 4294
3919 4294
5427 4294
1378 4296
4034 4296
4247 4296
1988 4298
162 4299
2732 4299
5308 4299
1368 4300
5292 4300
461 4301
2615 4301
2950 4301
3127 4301
4137 4301
101 4302
4566 4305
2520 4307
3437 4308
4795 4308
1366 4309
3961 4309
5356 4309
1329 4311
1899 4311
2785 4311
1915 4315
3198 4318
2437 4319
1323 4320
1703 4320
2305 4320
4266 4320
4542 4320
5180 4321
88 4322
190 4322
405 4322
571 4322
695 4322
807 4322
1018 4322
1080 4322
1422 4322
2003 4322
2163 4322
2213 4322
2476 4322
2825 4322
2843 4322
3434 4322
3856 4322
4053 4322
4241 4322
4597 4322
5050 4322
5093 4322
5361 4322
3400 4323
5239 4323
299 4326
3320 4327
3489 4327
2885 4330
3092 4331
3293 4331
4022 4331
3305 4332
3857 4335
1870 4336
2245 4337
5230 4339
1205 4340
433 4345
3878 4351
1057 4354
4484 4354
91 4355
2172 4360
4742 4360
4765 4360
5054 4360
5296 4360
4894 4363
504 4365
4792 4368
5083 4368
4131 4369
3074 4370
125 4372
4824 4373
2209 4375
2349 4375
310 4379
3202 4381
3688 4381
5062 4382
3399 4383
1321 4384
2154 4384
3998 4384
5514 4385
750 4387
2375 4387
2431 4387
2613 4387
2696 4387
2799 4387
3688 4387
4162 4387
4673 4387
4910 4387
5005 4387
5292 4387
941 4388
5354 4388
5590 4388
698 4390
3186 4390
5060 4390
1637 4391
1703 4392
299 4394
805 4395
2458 4395
2736 4395
3112 4395
5073 4395
1205 4399
1129 4401
74 4402
221 4402
2336 4402
3092 4402
1535 4404
1636 4404
1891 4404
2492 4404
2884 4404
4449 4404
499 4409
3311 4411
3596 4411
5303 4411
3447 4412
1363 4413
77 4414
1723 4414
3460 4414
5473 4414
2724 4418
3753 4418
5434 4418
2788 4420
499 4423
4781 4424
695 4426
958 4428
824 4429
1051 4429
1421 4429
2484 4429
4583 4429
4685 4429
5343 4429
5599 4429
5434 4430
2369 4431
4894 4431
448 4433
617 4433
1870 4433
2133 4433
2419 4433
4589 4433
4218 4434
4240 4434
4114 4437
2836 4439
755 4440
3688 4442
3959 4442
1431 4443
3119 4443
3252 4444
4734 4446
3725 4447
2267 4448
2214 4449
4404 4449
1902 4450
963 4453
1292 4453
3973 4455
5616 4456
1027 4459
4290 4459
491 4460
2696 4460
3678 4460
3688 4460
59 4461
475 4461
3287 4461
3326 4461
1035 4462
3092 4462
117 4463
1654 4463
1162 4465
5070 4465
3974 4471
299 4473
3495 4474
3973 4474
2061 4475
5473 4476
1382 4477
299 4478
1328 4478
3942 4478
666 4480
3667 4480
1247 4482
259 4484
623 4484
829 4484
1019 4484
1192 4484
1267 4484
1282 4484
1342 4484
1535 4484
1715 4484
2193 4484
2595 4484
2665 4484
2683 4484
3043 4484
3180 4484
3531 4484
3652 4484
4091 4484
4215 4484
4354 4484
4564 4484
4692 4484
4728 4484
4914 4484
5070 4484
5122 4484
5273 4484
5288 4484
5332 4484
5372 4484
5570 4484
5635 4484
2810 4486
281 4489
694 4489
1765 4489
2144 4489
4895 4489
127 4491
5438 4491
5455 4491
126 4495
3145 4495
299 4496
1205 4496
2344 4496
2172 4498
4824 4503
37 4506
1722 4506
77 4510
3750 4512
764 4516
776 4516
2371 4516
3322 4516
4249 4516
4709 4516
4832 4516
5381 4516
1222 4517
1641 4517
2879 4517
3495 4517
3572 4517
3924 4517
5160 4517
2468 4521
89 4525
2287 4525
2722 4525
183 4526
1381 4526
1714 4526
3814 4526
4044 4526
4540 4526
4905 4526
5452 4526
1070 4529
1005 4530
2722 4530
862 4534
1066 4534
2029 4534
4674 4534
340 4535
2344 4535
3538 4536
506 4537
1363 4537
2029 4537
4526 4540
4320 4542
4662 4542
5599 4542
149 4543
706 4543
1920 4544
2885 4546
996 4547
1966 4547
122 4548
563 4549
696 4549
3825 4549
1849 4551
2966 4551
3478 4551
5442 4551
5208 4553
1995 4554
3078 4556
317 4557
1172 4557
1222 4557
2722 4557
3744 4557
3746 4557
3794 4557
4162 4557
4673 4557
4934 4558
5199 4558
1382 4559
4834 4561
2971 4562
1458 4563
664 4564
814 4564
1120 4564
1224 4564
1363 4564
2175 4564
2188 4564
2366 4564
2904 4564
3408 4564
4114 4564
4484 4564
4572 4564
5449 4564
5452 4564
5465 4564
4305 4566
2286 4567
2373 4569
3506 4572
4564 4572
2927 4575
3360 4575
3460 4575
3820 4575
5266 4575
567 4576
1270 4576
2305 4576
3051 4576
3258 4576
3274 4576
3838 4576
4266 4576
5027 4576
5508 4576
4961 4579
299 4580
2452 4583
4429 4583
4192 4584
4727 4584
499 4586
2768 4588
4433 4589
805 4590
1407 4590
3791 4594
5557 4596
117 4597
617 4597
1513 4597
1870 4597
1932 4597
2101 4597
2114 4597
2123 4597
3112 4597
4266 4597
4322 4597
4721 4597
5117 4597
5448 4597
655 4599
2254 4599
2798 4599
3460 4599
683 4600
259 4607
623 4607
676 4607
711 4607
758 4607
900 4607
1192 4607
1282 4607
1342 4607
1354 4607
1645 4607
1715 4607
1733 4607
1770 4607
2111 4607
2188 4607
2380 4607
2595 4607
3043 4607
3055 4607
3239 4607
3526 4607
3531 4607
3652 4607
3801 4607
4692 4607
4728 4607
4914 4607
5122 4607
5288 4607
5327 4607
5635 4607
83 4611
2462 4612
360 4614
796 4614
2853 4614
3006 4614
3197 4614
3051 4615
977 4619
1038 4620
1209 4621
1520 4621
2005 4621
2139 4621
2366 4621
2876 4621
3038 4621
5095 4621
5184 4621
5289 4621
5473 4621
3818 4626
2632 4627
2998 4627
948 4628
1110 4628
2647 4628
3531 4628
3652 4628
1054 4630
167 4631
280 4632
1089 4634
790 4638
1162 4638
2674 4638
2823 4638
3127 4638
3501 4638
3925 4638
5184 4638
3974 4639
554 4646
1633 4646
3942 4646
319 4647
3305 4648
1654 4649
2334 4649
4993 4650
1170 4654
2859 4656
1705 4660
2257 4660
112 4661
117 4662
354 4662
757 4662
2661 4662
3575 4662
4542 4662
4900 4662
5117 4662
5170 4662
5271 4662
5311 4662
5448 4662
3744 4664
623 4665
5266 4665
1765 4666
5014 4666
2038 4668
1827 4671
2271 4671
2330 4671
405 4672
2452 4672
4900 4672
1005 4673
1368 4673
3437 4673
4229 4673
4387 4673
4557 4673
4682 4673
5068 4673
268 4674
718 4674
2526 4674
2715 4674
4243 4674
4534 4674
5289 4674
2452 4681
4900 4681
413 4682
433 4682
465 4682
985 4682
997 4682
1135 4682
3604 4682
4077 4682
4673 4682
267 4683
170 4684
846 4685
4429 4685
5362 4685
5599 4685
5395 4691
1891 4692
4484 4692
4607 4692
567 4693
2305 4693
3258 4693
3274 4693
5027 4693
5388 4693
5508 4693
901 4694
1543 4696
4067 4696
5080 4698
995 4701
1362 4703
2824 4703
3029 4703
796 4705
1363 4705
3307 4705
3998 4705
4891 4705
5353 4705
5559 4705
4516 4709
1154 4712
2247 4712
2810 4712
3942 4712
5253 4713
2476 4714
5592 4714
934 4717
1006 4718
1075 4718
1294 4718
2055 4718
2148 4718
2831 4718
2835 4718
5079 4718
1064 4720
1461 4720
1870 4721
3112 4721
4597 4721
5073 4721
5566 4721
2452 4724
2885 4724
3460 4725
5453 4725
4584 4727
1960 4728
2492 4728
4484 4728
4607 4728
2675 4731
3924 4731
5047 4731
3127 4733
5336 4733
117 4734
617 4734
1513 4734
1566 4734
2101 4734
2829 4734
3575 4734
4446 4734
4775 4734
4900 4734
5117 4734
5216 4734
5448 4734
158 4735
2871 4735
2221 4737
703 4738
3138 4739
5356 4741
4360 4742
1696 4746
493 4748
911 4748
1717 4748
2159 4748
4919 4748
4980 4748
3029 4750
5496 4755
820 4757
480 4758
1959 4759
3051 4759
499 4760
2401 4761
1573 4762
5160 4762
5285 4762
5607 4762
4117 4764
4360 4765
1478 4766
1003 4771
5473 4771
1124 4772
1267 4772
1411 4772
1628 4772
2973 4772
3460 4772
4228 4772
5300 4772
5470 4772
117 4775
805 4775
1566 4775
1925 4775
2114 4775
2306 4775
4053 4775
4734 4775
5104 4775
5448 4775
5514 4775
5528 4775
5546 4775
3082 4776
894 4777
5197 4777
5362 4777
4283 4780
30 4781
814 4781
1373 4781
1721 4781
1891 4781
2931 4781
2993 4781
4424 4781
5262 4781
5635 4781
299 4783
679 4783
1129 4783
1377 4783
3631 4783
4895 4783
5585 4783
158 4784
499 4785
102 4787
626 4787
746 4787
811 4787
3871 4787
1043 4788
1302 4788
1443 4788
3559 4788
3889 4788
3822 4789
2926 4791
117 4792
4368 4792
4900 4792
1337 4794
1382 4794
4308 4795
3480 4796
4800 4797
4889 4797
2494 4799
4797 4800
5455 4800
334 4801
465 4801
603 4801
1156 4801
1252 4801
3301 4801
4879 4801
881 4802
1319 4802
2681 4802
3587 4804
1251 4806
1948 4806
2343 4806
2927 4806
2935 4806
5166 4806
5001 4810
47 4813
1259 4813
1721 4813
5288 4813
2492 4814
2172 4815
4141 4815
3738 4816
3406 4818
3643 4818
1101 4819
4082 4820
2685 4822
3611 4822
519 4823
1960 4823
4373 4824
4503 4824
2570 4825
1363 4827
1478 4829
2289 4830
3469 4830
4143 4830
4516 4832
4083 4833
97 4834
1942 4834
1997 4834
2034 4834
4561 4834
4860 4834
4229 4835
5222 4835
1370 4836
5311 4837
3866 4838
4264 4839
3092 4840
2287 4841
3437 4841
4910 4841
5344 4841
120 4842
2876 4844
3562 4844
379 4846
637 4848
2320 4848
904 4851
1169 4852
1330 4853
3290 4854
4215 4854
237 4855
5486 4855
2172 4860
4834 4860
3028 4861
3877 4862
4270 4863
5497 4863
3437 4866
3946 4866
4187 4869
335 4870
546 4870
1160 4870
1205 4870
1366 4870
5356 4870
1765 4871
3072 4872
2013 4873
2639 4874
3744 4874
3973 4874
5572 4874
103 4875
2613 4875
3371 4875
4910 4875
1763 4878
1156 4879
4801 4879
1366 4881
5137 4882
5250 4884
491 4886
4229 4888
1441 4889
1472 4889
4797 4889
22 4890
2650 4890
1363 4891
1753 4891
4705 4891
673 4892
2540 4892
2662 4892
2320 4893
4363 4894
4431 4894
5164 4894
123 4895
745 4895
1129 4895
1222 4895
2559 4895
2697 4895
3604 4895
3631 4895
3784 4895
3973 4895
4489 4895
4783 4895
5033 4895
2202 4896
5527 4896
5619 4896
745 4897
2778 4897
861 4898
466 4899
3377 4899
96 4900
117 4900
305 4900
354 4900
617 4900
886 4900
1099 4900
1262 4900
1443 4900
1477 4900
1513 4900
1654 4900
1676 4900
1700 4900
1932 4900
1959 4900
2101 4900
2213 4900
2306 4900
2800 4900
3292 4900
4006 4900
4053 4900
4195 4900
4263 4900
4662 4900
4672 4900
4681 4900
4734 4900
4792 4900
5311 4900
5421 4900
5514 4900
1222 4901
2375 4901
2737 4901
3495 4901
3794 4901
4162 4901
4526 4905
1756 4906
2521 4906
232 4908
584 4908
2709 4908
754 4909
2366 4909
197 4910
335 4910
433 4910
1048 4910
1353 4910
1849 4910
2294 4910
2559 4910
2828 4910
2901 4910
2911 4910
3078 4910
3158 4910
3437 4910
3973 4910
4387 4910
4841 4910
4875 4910
712 4912
1725 4912
5060 4912
2971 4913
4484 4914
4607 4914
5498 4915
3029 4916
5225 4916
111 4917
131 4917
80 4919
678 4919
773 4919
2336 4919
2631 4919
4748 4919
5469 4919
2728 4920
5306 4923
89 4929
299 4929
1191 4929
3622 4929
4996 4929
5060 4929
5076 4929
5517 4929
5648 4929
2142 4930
2920 4930
5356 4930
1317 4932
3800 4932
2166 4934
3881 4934
4558 4934
2939 4936
5343 4937
312 4941
374 4941
643 4941
1827 4941
2487 4941
5000 4941
5541 4942
59 4943
3345 4943
41 4946
1304 4946
2925 4946
3202 4946
2113 4948
3963 4949
1963 4951
3024 4951
126 4953
3689 4953
4230 4954
340 4956
2370 4958
4579 4961
1849 4962
117 4963
757 4963
1169 4963
5027 4963
5117 4963
2046 4969
2853 4969
2154 4974
103 4975
2245 4977
2665 4977
2846 4977
3181 4977
3305 4977
3857 4977
3877 4977
5579 4977
5581 4978
403 4980
1579 4980
4748 4980
5067 4980
3293 4985
1930 4989
4650 4993
5027 4993
89 4996
1191 4996
4929 4996
5648 4996
1178 4997
1954 4997
2370 4998
105 5000
278 5000
1054 5000
1244 5000
1478 5000
1877 5000
1937 5000
2086 5000
2188 5000
3127 5000
3305 5000
4941 5000
2366 5001
3711 5001
4127 5001
4810 5001
3993 5002
74 5003
4087 5005
4387 5005
299 5006
277 5007
504 5007
1070 5007
3939 5007
5430 5007
5556 5007
1610 5011
491 5014
1765 5014
4666 5014
243 5015
3127 5015
2305 5017
2701 5017
3274 5017
5027 5017
5197 5017
5508 5017
1856 5020
1350 5021
2735 5021
499 5024
3531 5026
88 5027
104 5027
769 5027
795 5027
805 5027
1018 5027
1022 5027
1080 5027
1323 5027
1932 5027
2701 5027
3984 5027
4266 5027
4576 5027
4693 5027
4963 5027
4993 5027
5017 5027
5093 5027
5582 5027
5592 5027
2321 5031
1688 5032
2154 5032
123 5033
387 5033
745 5033
4895 5033
5281 5033
657 5036
2209 5036
2644 5036
1238 5038
5043 5041
2270 5043
5041 5043
2886 5045
4731 5047
228 5048
744 5050
1272 5050
1703 5050
1925 5050
2167 5050
4322 5050
5448 5050
3202 5051
3303 5051
3319 5051
3995 5051
5222 5051
1781 5052
3814 5052
4275 5052
2778 5053
3900 5053
5442 5053
1181 5054
1511 5054
1856 5054
2370 5054
2677 5054
3548 5054
4360 5054
5137 5054
19 5055
521 5055
1354 5055
1710 5055
3857 5055
3437 5056
3777 5056
1549 5059
2524 5059
552 5060
680 5060
1418 5060
2057 5060
2630 5060
3946 5060
4390 5060
4912 5060
4929 5060
853 5061
2172 5062
4382 5062
3092 5065
3489 5065
4089 5065
5213 5065
1075 5066
1116 5066
1294 5066
1579 5067
4980 5067
3495 5068
3676 5068
4673 5068
1342 5070
2665 5070
2798 5070
3305 5070
3785 5070
4465 5070
4484 5070
3832 5072
757 5073
1513 5073
2101 5073
2842 5073
3112 5073
4395 5073
4721 5073
5117 5073
5448 5073
4929 5076
5147 5076
1286 5077
3109 5077
295 5079
1006 5079
1154 5079
1292 5079
1611 5079
2247 5079
2666 5079
2810 5079
3114 5079
3520 5079
3525 5079
4099 5079
4718 5079
70 5080
2674 5080
2984 5080
3000 5080
4698 5080
2007 5083
4368 5083
2832 5084
4122 5085
66 5089
299 5089
299 5090
111 5091
491 5091
499 5092
190 5093
846 5093
1018 5093
1513 5093
1566 5093
1870 5093
2101 5093
2163 5093
2491 5093
4322 5093
5027 5093
5117 5093
5197 5093
5448 5093
5275 5094
4621 5095
305 5096
617 5096
2101 5096
5117 5096
5448 5096
1752 5097
149 5098
1069 5098
2154 5098
3181 5098
5228 5098
5383 5098
1862 5099
1952 5099
2640 5099
3758 5099
2209 5101
4775 5104
2681 5105
5383 5105
5496 5105
5606 5106
496 5108
684 5108
2762 5108
2831 5109
5504 5111
1479 5112
2601 5113
3983 5113
2505 5114
2955 5114
824 5115
1638 5115
190 5117
291 5117
310 5117
695 5117
704 5117
744 5117
783 5117
805 5117
1477 5117
1566 5117
1700 5117
1870 5117
1883 5117
1932 5117
1959 5117
1984 5117
2114 5117
2123 5117
2458 5117
2476 5117
2612 5117
2829 5117
3112 5117
4241 5117
4597 5117
4662 5117
4734 5117
4963 5117
5073 5117
5093 5117
5096 5117
5448 5117
5490 5117
5569 5117
3616 5118
1184 5119
5547 5119
698 5120
1665 5120
1549 5122
2853 5122
4484 5122
4607 5122
3047 5123
679 5124
1129 5124
2459 5124
2559 5124
5283 5126
3524 5128
1849 5131
1227 5132
299 5134
3140 5137
4262 5137
4882 5137
5054 5137
5376 5137
1856 5139
3051 5143
927 5144
1694 5144
1750 5145
5076 5147
1689 5149
3643 5151
299 5153
1222 5154
1503 5154
1757 5154
2375 5154
2696 5154
3186 5154
3495 5154
3972 5154
5292 5154
2698 5157
4216 5157
4093 5159
903 5160
4517 5160
4762 5160
3786 5161
5455 5161
2979 5162
3141 5162
4894 5164
2378 5165
162 5166
4806 5166
796 5167
991 5168
5399 5168
5520 5168
664 5169
3127 5169
4662 5170
3006 5171
35 5172
278 5172
464 5172
1606 5172
2005 5172
2070 5172
2543 5172
2884 5172
3212 5172
3282 5172
3456 5172
3460 5172
5465 5172
805 5173
1883 5173
2458 5173
3112 5173
3127 5175
4114 5175
3942 5177
60 5178
4321 5180
2559 5181
2338 5184
2876 5184
4157 5184
4621 5184
4638 5184
2778 5185
3437 5185
4212 5189
3570 5196
769 5197
1018 5197
1080 5197
1323 5197
2701 5197
2740 5197
3051 5197
3984 5197
4021 5197
4241 5197
4777 5197
5017 5197
5093 5197
5208 5197
2999 5199
4558 5199
1145 5200
1706 5200
528 5207
2209 5207
1795 5208
4553 5208
5197 5208
1851 5210
5251 5211
5592 5212
5065 5213
405 5216
4734 5216
1051 5217
5539 5218
3581 5220
1065 5221
1317 5221
1721 5221
2546 5221
3103 5221
110 5222
546 5222
869 5222
1064 5222
2247 5222
2325 5222
2375 5222
2538 5222
2539 5222
2696 5222
3087 5222
3688 5222
3760 5222
4162 5222
4835 5222
5051 5222
5519 5222
5625 5222
2155 5224
3591 5224
4916 5225
2346 5226
36 5228
1478 5228
1624 5228
1639 5228
2529 5228
3305 5228
3998 5228
5098 5228
433 5230
1572 5230
1757 5230
2190 5230
2501 5230
4339 5230
5318 5230
5518 5232
3304 5233
673 5236
2209 5236
3282 5237
4323 5239
2705 5240
3745 5242
1923 5246
4095 5247
4884 5250
1881 5251
2159 5251
2216 5251
4210 5251
5211 5251
5457 5251
5568 5251
1169 5252
4118 5253
4713 5253
1056 5256
4028 5256
323 5257
1934 5257
3679 5257
183 5262
754 5262
1393 5262
2089 5262
4145 5262
4781 5262
1945 5264
4575 5266
4665 5266
338 5269
2039 5270
117 5271
1169 5271
4662 5271
874 5273
3785 5273
4484 5273
5094 5275
123 5281
5033 5281
5465 5282
218 5283
483 5283
631 5283
3171 5283
5126 5283
4762 5285
299 5286
1129 5286
1757 5286
3137 5286
3631 5286
5601 5286
796 5287
1401 5287
1512 5287
4484 5288
4607 5288
4813 5288
4621 5289
4674 5289
2683 5291
5579 5291
1000 5292
1005 5292
2900 5292
4291 5292
4300 5292
4387 5292
5154 5292
5346 5292
5382 5292
112 5295
4360 5296
2142 5299
4772 5300
1174 5301
2251 5301
1478 5302
2154 5302
2387 5303
3311 5303
3596 5303
4411 5303
336 5306
4923 5306
5440 5306
2795 5307
143 5308
940 5308
1841 5308
2380 5308
2927 5308
2987 5308
4299 5308
5403 5308
2655 5310
405 5311
3575 5311
4053 5311
4161 5311
4662 5311
4837 5311
4900 5311
5546 5311
1757 5318
3572 5318
5230 5318
1856 5320
3527 5321
2596 5322
2056 5323
263 5324
2946 5324
3460 5324
3877 5324
4039 5324
3145 5326
519 5327
1308 5327
4607 5327
1503 5328
1478 5329
3752 5329
1244 5330
2113 5330
4484 5332
5515 5332
955 5333
1031 5333
373 5334
4271 5334
149 5336
4733 5336
901 5338
459 5339
5514 5340
769 5343
1051 5343
4429 5343
4937 5343
3275 5344
3979 5344
4841 5344
1633 5346
1849 5346
2420 5346
3228 5346
5292 5346
2235 5348
4705 5353
4388 5354
335 5356
491 5356
619 5356
1016 5356
1039 5356
1191 5356
1275 5356
1644 5356
1936 5356
1963 5356
2556 5356
2630 5356
2768 5356
2928 5356
3168 5356
3848 5356
3852 5356
3950 5356
4309 5356
4741 5356
4870 5356
4930 5356
5442 5356
228 5359
2749 5361
4101 5361
4322 5361
1004 5362
1487 5362
3887 5362
4685 5362
4777 5362
5508 5362
5599 5362
5629 5362
5478 5364
2715 5365
2366 5366
2798 5366
3543 5370
927 5371
1222 5371
1801 5371
3794 5371
1162 5372
2111 5372
2732 5372
2853 5372
3305 5372
3700 5372
3857 5372
4167 5372
4215 5372
4484 5372
629 5376
5137 5376
4261 5377
1368 5379
1596 5380
280 5381
349 5381
1011 5381
2052 5381
4516 5381
513 5382
983 5382
1123 5382
3688 5382
5292 5382
2547 5383
3305 5383
3336 5383
4045 5383
5098 5383
5105 5383
1765 5384
2567 5384
299 5385
3158 5385
4030 5385
878 5386
1811 5386
2191 5386
4693 5388
4215 5389
3955 5391
1945 5395
4691 5395
999 5396
138 5397
381 5397
1135 5397
1765 5397
2696 5398
3246 5398
3663 5398
3678 5398
5168 5399
2200 5400
3963 5401
4188 5402
1354 5403
5308 5403
1988 5405
1162 5407
191 5409
2069 5410
1113 5411
3111 5411
3359 5412
600 5413
807 5421
4900 5421
1516 5423
66 5425
2036 5427
4084 5427
4254 5427
4294 5427
167 5430
2764 5430
3210 5430
3840 5430
5007 5430
1123 5431
1596 5432
324 5433
1107 5433
3107 5434
3982 5434
4418 5434
4430 5434
207 5435
1999 5438
3813 5438
4491 5438
5595 5438
1656 5440
2793 5440
2964 5440
5306 5440
3988 5441
125 5442
2207 5442
3900 5442
4003 5442
4551 5442
5053 5442
5356 5442
3158 5443
405 5445
190 5448
354 5448
695 5448
744 5448
805 5448
962 5448
1022 5448
1477 5448
1566 5448
1700 5448
1870 5448
1883 5448
1925 5448
1932 5448
1959 5448
1984 5448
2114 5448
2123 5448
2167 5448
2458 5448
2829 5448
3112 5448
3978 5448
4266 5448
4597 5448
4662 5448
4734 5448
4775 5448
5050 5448
5073 5448
5093 5448
5096 5448
5117 5448
5514 5448
2089 5449
3798 5449
4564 5449
1478 5451
1624 5451
3652 5452
4526 5452
4564 5452
5465 5452
4725 5453
7 5454
37 5454
181 5454
670 5454
1281 5454
1403 5454
1918 5454
4491 5455
4800 5455
5161 5455
5524 5455
68 5457
955 5457
3323 5457
5251 5457
3652 5459
4096 5460
3073 5462
3660 5462
82 5465
268 5465
1495 5465
2770 5465
2927 5465
3043 5465
3878 5465
3941 5465
4063 5465
4564 5465
5172 5465
5282 5465
5452 5465
5496 5465
805 5467
1187 5468
1717 5469
2663 5469
4220 5469
4919 5469
373 5470
1501 5470
4772 5470
180 5473
261 5473
1279 5473
1553 5473
2674 5473
3067 5473
3801 5473
4243 5473
4414 5473
4476 5473
4621 5473
4771 5473
5635 5473
3495 5475
240 5477
5364 5478
3181 5479
3029 5480
4855 5486
2013 5489
2101 5490
5117 5490
5566 5490
1667 5493
3561 5494
2111 5496
2934 5496
2985 5496
3412 5496
3569 5496
4755 5496
5105 5496
5465 5496
349 5497
1589 5497
2172 5497
3986 5497
4230 5497
4863 5497
4915 5498
1481 5500
3607 5502
1960 5504
3569 5504
5111 5504
3282 5506
465 5507
2676 5507
104 5508
117 5508
217 5508
769 5508
1323 5508
1407 5508
2701 5508
3984 5508
4576 5508
4693 5508
5017 5508
5362 5508
299 5510
3593 5513
3849 5513
104 5514
321 5514
448 5514
617 5514
805 5514
1870 5514
1883 5514
1932 5514
2101 5514
2176 5514
2305 5514
2458 5514
3112 5514
4385 5514
4775 5514
4900 5514
5340 5514
5448 5514
1574 5515
3239 5515
5332 5515
89 5517
3461 5517
4929 5517
5232 5518
978 5519
3604 5519
5222 5519
5168 5520
730 5521
1319 5521
5455 5524
4896 5527
4775 5528
1308 5529
3412 5529
3888 5529
709 5531
1489 5531
3040 5533
2386 5534
4038 5534
3936 5536
5218 5539
4942 5541
167 5542
853 5542
3052 5542
5594 5544
4775 5546
5311 5546
712 5547
1184 5547
1617 5547
1712 5547
2999 5547
3002 5547
3440 5547
5119 5547
3002 5548
1289 5549
470 5551
1396 5553
1507 5554
3744 5554
3794 5554
853 5556
916 5556
2448 5556
3890 5556
5007 5556
3372 5557
4596 5557
4705 5559
2188 5560
3127 5560
3877 5563
4167 5563
3641 5564
4721 5566
5490 5566
190 5567
68 5568
955 5568
5251 5568
617 5569
1676 5569
5117 5569
1495 5570
1891 5570
4484 5570
74 5571
1000 5572
2257 5572
3744 5572
4874 5572
316 5579
874 5579
1846 5579
2475 5579
2616 5579
2983 5579
3351 5579
3969 5579
4977 5579
5291 5579
4978 5581
769 5582
1051 5582
1703 5582
2305 5582
3258 5582
3856 5582
5027 5582
5622 5582
983 5585
1129 5585
2453 5585
2549 5585
3137 5585
4164 5585
4783 5585
769 5587
4388 5590
104 5592
1169 5592
4714 5592
5027 5592
5212 5592
1329 5593
62 5594
175 5594
358 5594
391 5594
449 5594
706 5594
740 5594
1891 5594
2157 5594
2188 5594
2271 5594
2393 5594
2927 5594
3031 5594
3075 5594
3082 5594
3648 5594
5544 5594
338 5595
5438 5595
2572 5597
1382 5598
3582 5598
217 5599
305 5599
405 5599
846 5599
1477 5599
2452 5599
2629 5599
3960 5599
4429 5599
4542 5599
4685 5599
5362 5599
5634 5599
491 5601
1129 5601
3319 5601
3631 5601
5286 5601
1272 5603
3051 5603
902 5604
5106 5606
1414 5607
1963 5607
2859 5607
4762 5607
2541 5609
1853 5611
299 5615
1819 5616
4456 5616
4896 5619
2209 5620
5582 5622
3305 5623
600 5625
820 5625
1679 5625
2658 5625
5222 5625
5362 5629
541 5630
933 5630
1505 5630
3035 5634
3575 5634
5599 5634
165 5635
752 5635
1619 5635
2883 5635
3209 5635
3884 5635
4484 5635
4607 5635
4781 5635
5473 5635
3490 5638
3973 5641
1407 5646
89 5648
299 5648
1191 5648
4929 5648
4996 5648
