0	0
0	1
0	2
1	3
1	4
1	5
1	6
1	7
1	8
1	9
2	6
2	10
2	11
2	12
2	13
3	3
3	174
3	191
3	267
3	268
3	272
3	275
3	294
3	371
3	373
3	776
3	804
3	831
3	963
3	986
3	989
3	1195
3	1570
3	1741
4	4
4	5
4	6
4	10
4	516
4	964
4	1200
4	1201
4	1280
4	1306
4	1482
4	1775
4	1777
4	1778
5	6
5	1201
5	1202
5	1280
5	1281
5	1306
5	1482
5	1777
5	1779
6	6
6	123
6	964
6	1200
6	1201
6	1280
6	1281
6	1482
6	1777
6	1780
7	191
8	67
8	501
8	738
8	744
8	745
8	750
8	753
8	1281
8	1563
8	1567
8	1707
9	9
9	36
9	156
9	274
9	275
9	374
9	391
9	400
9	404
9	419
9	619
9	716
9	804
9	900
9	1120
9	1216
9	1242
9	1741
9	1835
9	1901
10	10
10	203
10	239
10	523
10	616
10	680
10	786
10	828
10	877
10	959
10	1156
10	1280
10	1281
10	1282
10	1283
11	11
11	12
11	1138
11	1688
12	12
12	29
12	378
12	1688
12	1716
13	13
13	75
13	81
13	82
13	87
13	90
13	192
13	210
13	322
13	430
13	571
13	860
13	1017
13	1018
13	1724
13	1725
14	14
14	15
14	16
14	17
14	18
14	19
14	20
14	21
14	22
15	23
15	24
15	25
16	16
16	23
16	26
16	27
16	28
16	29
16	30
16	31
16	32
16	33
16	34
16	35
16	36
16	37
16	38
16	39
16	40
16	41
16	42
16	43
16	44
16	45
16	46
16	47
16	48
16	49
16	50
16	51
16	52
16	53
16	54
16	55
16	56
16	57
16	58
16	59
16	60
16	61
16	62
17	20
17	27
17	63
17	64
17	65
17	66
17	67
17	68
17	69
17	70
17	71
17	72
17	73
18	27
18	40
18	41
18	176
18	261
18	369
18	385
18	820
18	822
18	827
18	828
18	829
18	830
19	19
19	106
19	160
19	191
19	201
19	212
19	220
19	222
19	223
19	268
19	277
19	285
19	286
19	292
19	359
19	366
19	367
19	370
19	391
19	420
19	436
19	450
19	546
19	614
19	785
19	797
19	815
19	831
19	834
19	846
19	867
19	941
19	1008
19	1087
19	1090
19	1091
19	1198
19	1200
19	1201
19	1202
19	1203
19	1204
19	1206
19	1209
19	1211
19	1240
19	1297
19	1312
19	1326
19	1360
19	1425
19	1426
19	1427
19	1428
19	1429
19	1430
19	1431
19	1432
19	1433
19	1434
19	1435
19	1436
19	1437
19	1438
20	53
20	62
20	82
20	116
20	117
20	173
20	256
20	264
20	279
20	280
20	286
20	290
20	294
20	411
20	467
20	502
20	514
20	545
20	765
20	767
20	768
20	774
20	778
20	784
20	785
20	804
20	818
20	828
20	854
20	867
20	875
20	887
20	895
20	900
20	946
20	957
20	958
20	1042
20	1050
20	1158
20	1311
20	1396
20	1450
20	1718
20	1741
20	1752
20	1838
20	1914
20	1934
20	1935
20	1936
20	1937
20	1938
20	1939
20	1940
20	1941
20	1942
20	1943
20	1944
20	1945
20	1946
21	278
21	320
21	369
21	787
21	1450
21	2097
22	28
22	40
22	58
22	232
22	815
22	829
22	877
22	988
22	2133
23	23
23	42
23	44
23	127
23	319
23	357
23	393
23	427
23	441
23	560
23	620
23	622
23	625
23	626
23	630
23	632
23	672
23	673
23	674
23	675
23	676
23	677
23	678
23	679
23	680
23	681
23	682
23	683
24	24
24	84
24	189
24	191
24	252
24	314
24	690
24	804
24	844
24	986
24	1056
24	1116
24	1240
24	1417
24	1656
24	1667
24	1781
24	1782
25	223
25	280
25	335
25	436
25	719
25	765
25	784
25	818
25	1542
25	1763
25	1840
25	1910
25	2102
25	2216
25	2217
25	2218
26	26
26	101
26	118
27	27
27	40
27	53
27	72
27	78
27	109
27	156
27	227
27	259
27	260
27	261
27	262
27	263
27	268
27	269
27	270
27	271
27	272
27	273
27	274
27	275
27	276
27	277
27	278
27	279
27	280
27	281
27	282
27	283
27	284
27	285
27	286
27	287
27	288
27	289
27	290
27	291
27	292
27	293
28	117
28	175
28	184
28	298
28	304
28	387
28	426
28	436
28	437
28	438
28	439
28	440
29	247
29	337
29	355
29	512
29	513
29	514
29	515
29	516
29	517
30	51
30	63
30	64
30	65
30	66
30	68
30	70
30	72
30	73
30	83
30	324
30	436
30	439
30	756
30	773
30	774
30	775
31	31
31	919
31	933
32	32
32	198
32	212
32	621
32	858
32	996
32	1084
32	1098
32	1164
32	1165
32	1166
33	90
33	401
33	1331
33	1401
34	140
35	39
35	42
35	44
35	46
35	155
35	212
35	223
35	265
35	279
35	296
35	315
35	319
35	355
35	389
35	444
35	445
35	450
35	502
35	515
35	527
35	545
35	566
35	585
35	587
35	603
35	604
35	616
35	672
35	681
35	761
35	762
35	815
35	833
35	1004
35	1005
35	1006
35	1085
35	1114
35	1156
35	1181
35	1182
35	1183
35	1184
35	1236
35	1250
35	1426
35	1443
35	1522
35	1572
35	1613
35	1614
35	1615
35	1616
35	1617
35	1618
35	1619
35	1620
35	1621
35	1622
35	1623
35	1624
36	513
36	604
36	692
36	1324
36	1612
37	37
37	43
37	63
37	126
37	165
37	1010
37	1673
38	38
38	101
38	267
38	413
38	508
38	633
38	716
39	398
39	1614
40	275
40	392
40	400
40	411
40	412
40	415
40	416
40	417
40	580
40	1453
41	131
41	580
41	1085
42	118
42	431
43	165
43	1823
43	1824
44	136
44	205
44	276
44	315
44	606
44	644
44	945
44	983
44	1254
44	1255
44	1450
44	1761
44	1779
44	1810
44	1823
44	1825
45	249
46	1462
46	1614
50	63
50	65
50	66
50	67
50	68
50	70
50	71
50	72
50	73
50	226
50	324
50	436
50	773
50	775
50	809
50	829
50	1643
50	1688
50	1763
50	1826
50	1827
50	1828
51	51
51	218
51	941
51	1866
52	52
53	70
53	107
53	112
53	169
53	288
53	303
53	304
53	431
53	516
53	517
53	519
53	768
53	801
54	164
54	1466
58	117
58	302
58	555
58	606
58	1299
58	1327
58	1754
58	1955
59	580
59	1085
60	181
60	580
60	615
60	1085
61	436
61	440
62	67
62	181
62	226
62	290
62	619
62	1085
62	1154
63	63
63	124
63	196
63	212
63	218
63	267
63	397
63	635
63	732
63	806
63	828
63	939
63	940
63	941
63	942
63	943
63	944
63	945
63	946
63	947
64	64
64	69
64	197
64	267
64	358
64	679
64	688
64	691
64	696
64	708
64	1020
64	1025
65	65
65	295
65	636
65	645
65	714
65	717
65	806
65	982
65	1061
65	1062
65	1063
65	1064
65	1065
65	1066
65	1067
66	94
66	194
66	198
66	319
66	591
66	806
66	894
66	946
67	67
67	145
67	354
67	413
67	501
67	605
67	738
67	744
67	745
67	748
67	806
67	946
67	988
67	993
67	1344
67	1563
67	1567
67	1633
67	1634
67	1635
68	68
68	158
68	187
68	200
68	245
68	253
68	331
68	346
68	350
68	422
68	572
68	597
68	601
68	673
68	806
68	936
68	946
68	970
68	1245
68	1735
69	69
69	225
69	358
69	451
69	532
69	593
69	625
69	672
69	673
69	685
69	707
69	708
69	716
69	806
69	1019
69	1023
69	1025
69	1026
69	1027
69	1028
69	1034
69	1036
69	1097
69	1298
69	1326
69	1364
70	514
70	806
70	946
70	2033
70	2034
70	2035
71	290
71	450
71	806
71	946
71	2119
72	232
72	766
72	806
72	819
72	828
72	846
72	946
72	1326
72	1367
72	1387
73	351
73	412
73	764
73	946
73	992
73	1134
73	1288
73	1827
73	2194
74	74
74	75
74	76
74	77
75	75
75	78
75	79
75	80
75	81
75	82
75	83
75	84
75	85
75	86
75	87
75	88
75	89
75	90
76	436
76	510
76	774
76	1112
76	1266
76	1267
76	1268
76	1271
76	1692
78	78
78	259
78	260
78	261
78	262
78	263
78	267
79	135
79	169
79	194
79	201
79	208
79	209
79	239
79	272
79	309
79	334
79	355
79	356
79	357
79	358
79	359
79	360
79	361
79	362
79	363
80	80
80	81
80	83
80	84
80	132
80	187
80	191
80	192
80	210
80	245
80	247
80	264
80	313
80	422
80	423
80	424
80	425
80	430
80	431
80	510
80	518
80	519
80	521
80	522
80	526
80	528
80	530
80	560
80	561
80	562
80	563
80	564
80	565
80	566
80	567
80	568
80	569
80	570
80	571
80	572
80	573
80	574
80	575
80	576
80	577
80	578
80	579
81	82
81	84
81	85
81	86
81	89
81	90
81	129
81	143
81	263
81	404
81	512
81	517
81	633
82	82
82	189
82	215
82	313
82	347
82	348
82	512
82	530
82	582
82	633
82	669
82	732
82	736
83	83
83	112
83	132
83	158
83	192
83	193
83	195
83	200
83	232
83	245
83	247
83	327
83	346
83	358
83	423
83	425
83	430
83	479
83	518
83	522
83	526
83	527
83	553
83	554
83	560
83	563
83	564
83	570
83	572
83	575
83	585
83	587
83	588
83	590
83	596
83	597
83	718
83	831
83	835
83	1004
83	1005
83	1006
83	1007
83	1008
83	1009
83	1010
83	1011
83	1012
83	1013
83	1014
83	1015
84	84
84	85
84	86
84	87
84	89
84	90
84	512
84	517
84	646
84	715
84	1016
84	1017
84	1018
85	85
85	168
85	235
85	239
85	241
85	243
85	244
85	245
85	251
85	315
85	369
85	376
85	430
85	443
85	695
85	860
85	1038
85	1088
85	1089
86	86
86	212
86	346
86	410
86	985
86	1400
86	1401
87	89
87	90
87	292
87	436
87	517
87	1266
88	97
89	305
89	319
89	381
89	614
89	616
89	719
89	784
89	825
89	826
89	860
89	884
89	1073
89	1259
89	1301
89	1360
89	1362
89	1364
89	1365
89	1366
89	1369
89	1370
89	1449
89	1723
90	90
90	860
90	1861
91	91
91	92
91	93
91	94
92	92
92	95
92	96
92	97
92	98
92	99
92	100
93	93
93	101
93	102
94	94
94	165
94	168
94	194
94	198
94	239
94	248
94	297
94	298
94	313
94	314
94	318
94	319
94	320
94	321
94	322
94	323
94	324
94	325
94	326
94	328
94	329
94	330
94	331
94	332
94	333
94	334
94	335
94	336
94	339
94	356
94	358
94	447
94	478
94	572
94	588
94	589
94	633
94	717
94	722
94	725
94	732
94	950
94	953
94	962
94	1113
94	1235
94	1493
94	1494
94	1495
94	1496
94	1497
94	1498
95	95
95	155
95	268
95	445
95	450
95	614
96	96
96	109
96	117
96	297
96	298
96	415
96	577
96	613
96	615
96	827
96	842
96	1034
96	1489
97	1005
97	1294
97	1970
98	99
98	580
98	779
98	1958
99	100
99	252
99	442
99	580
99	779
99	1300
99	2023
99	2024
100	580
101	110
101	155
101	204
101	258
101	273
101	305
101	361
101	450
101	459
101	502
101	678
101	679
101	688
101	692
101	693
101	694
101	698
101	710
101	784
101	804
101	819
101	822
101	824
101	825
101	925
101	988
101	1032
101	1033
101	1167
101	1212
101	1250
101	1259
101	1296
101	1298
101	1299
101	1301
101	1316
101	1358
101	1359
101	1360
101	1361
101	1362
101	1363
101	1364
101	1365
101	1366
101	1367
101	1368
101	1369
101	1370
101	1371
101	1372
102	287
102	1369
103	103
103	104
103	105
103	106
103	107
103	108
103	109
104	107
104	214
104	227
104	275
104	404
104	546
104	766
104	831
104	846
104	853
104	1005
104	1052
104	1148
104	1151
104	1152
104	1155
104	1156
104	1157
105	412
105	422
105	578
105	678
105	692
105	693
105	867
105	1033
105	1118
105	1185
105	1186
105	1521
106	106
106	128
106	354
106	441
106	466
106	798
106	915
106	916
106	1105
106	1410
107	107
107	292
107	441
107	786
107	819
107	844
107	1148
107	1152
107	1154
107	1343
107	1372
107	1434
107	1741
107	1754
108	154
108	267
108	436
108	502
108	680
108	828
108	850
108	877
108	1161
108	1377
108	1803
108	1875
108	1877
108	1878
109	203
109	267
109	268
109	275
109	277
109	285
109	287
109	294
109	400
109	412
109	415
109	417
109	419
109	445
109	558
109	616
109	682
109	716
109	807
109	828
109	831
109	843
109	846
109	873
109	874
109	877
109	883
109	1155
109	1174
109	1312
109	1326
109	1393
109	1514
109	1727
109	1728
109	1741
109	1751
109	1890
109	2076
109	2077
109	2078
109	2079
110	110
111	111
111	112
111	113
111	114
111	115
111	116
111	117
112	112
112	222
112	249
112	305
112	587
112	781
112	782
112	783
112	784
112	785
112	786
112	787
112	788
112	789
112	790
112	791
112	792
113	127
113	160
113	165
113	331
113	357
113	402
113	436
113	502
113	679
113	696
113	710
113	768
113	794
113	804
113	840
113	1171
113	1172
113	1173
113	1174
114	114
115	115
115	682
115	1004
115	1042
115	1282
115	1443
115	1910
116	373
116	1076
116	1176
116	1298
116	1991
116	1992
116	1993
116	1994
116	1995
117	180
117	207
117	225
117	232
117	267
117	280
117	282
117	373
117	381
117	397
117	532
117	548
117	560
117	564
117	606
117	672
117	716
117	761
117	804
117	828
117	831
117	990
117	1158
117	1243
117	1246
117	1326
117	1339
117	1743
117	1902
117	1969
117	2101
117	2102
117	2103
117	2104
117	2105
118	373
118	716
118	766
118	1227
118	1450
118	1832
119	119
119	120
119	121
119	122
120	120
120	265
120	818
122	507
122	1527
123	123
123	124
123	125
123	126
124	127
124	128
124	129
124	130
124	131
124	132
125	125
126	128
126	129
126	131
126	133
126	134
126	135
126	136
126	137
126	138
126	139
126	140
126	141
126	142
126	143
126	144
126	145
126	146
127	127
127	441
127	620
127	621
127	622
127	624
127	625
127	626
127	630
127	631
127	632
127	674
127	675
127	676
127	677
127	685
127	686
127	687
128	128
128	221
128	387
128	413
128	759
128	797
128	798
128	915
128	927
128	1456
129	129
129	310
129	350
129	353
129	371
129	525
129	738
129	759
129	949
129	986
129	1086
129	1462
129	1656
129	1657
130	541
130	945
131	131
131	648
131	1645
131	1804
132	132
132	192
132	193
132	195
132	245
132	247
132	252
132	327
132	425
132	430
132	510
132	518
132	530
132	553
132	554
132	560
132	562
132	567
132	569
132	585
132	590
132	594
132	598
132	727
133	133
133	221
133	244
133	386
133	387
133	442
133	797
133	798
133	1104
134	134
134	371
134	398
134	607
134	759
134	986
134	1213
135	135
135	319
135	432
135	515
135	603
136	136
136	350
136	643
136	644
136	742
136	983
136	1252
136	1254
136	1255
137	137
137	469
137	986
137	1312
137	1313
137	1314
138	138
139	139
139	268
139	370
139	469
139	553
139	776
139	778
139	780
139	867
139	931
139	986
139	1120
139	1155
139	1483
139	1517
139	1528
139	1529
139	1530
139	1531
140	140
140	253
140	441
140	501
140	646
140	743
140	744
140	845
140	868
140	1199
140	1242
140	1278
140	1540
140	1542
140	1544
140	1546
140	1547
140	1548
140	1549
140	1550
140	1552
140	1553
140	1554
140	1555
140	1556
140	1561
140	1562
141	141
141	513
141	1625
142	142
142	212
142	221
142	385
142	785
142	915
142	922
142	927
142	1008
142	1050
142	1158
142	1295
142	1426
142	1459
142	1517
142	1639
142	1645
142	1646
142	1647
142	1648
142	1649
143	143
143	1360
144	175
144	541
144	617
144	927
144	945
144	1458
144	1461
144	1625
145	145
145	240
145	354
145	986
146	146
146	253
146	371
146	844
146	927
146	1084
146	1199
146	1758
146	1947
146	1948
146	1949
146	1950
147	147
147	148
147	149
147	150
147	151
147	152
147	153
148	154
150	152
150	155
150	156
151	152
151	157
151	158
152	350
153	366
153	1249
154	155
154	218
154	280
154	545
154	546
154	616
154	650
154	680
154	716
154	719
154	761
154	850
154	941
154	944
154	947
154	1008
154	1009
154	1010
154	1117
154	1158
154	1167
154	1173
154	1298
154	1378
154	1393
154	1396
154	1429
154	1431
154	1450
154	1559
154	1654
154	1723
154	1736
154	1875
154	1927
154	1965
154	2036
154	2037
154	2038
154	2039
154	2040
154	2041
155	275
155	302
155	422
155	576
155	800
155	949
155	1311
155	1962
156	294
156	388
156	766
156	874
156	1919
156	2200
157	167
157	280
157	1369
157	1654
157	1731
157	2177
158	198
158	201
158	212
158	239
158	247
158	312
158	373
158	425
158	527
158	531
158	538
158	546
158	566
158	606
158	634
158	651
158	681
158	718
158	945
158	963
158	1114
158	1158
158	1197
158	1779
158	1840
158	2172
158	2204
158	2205
159	160
159	161
160	162
160	163
160	164
160	165
160	166
160	167
160	168
160	169
160	170
160	171
160	172
160	173
160	174
160	175
160	176
160	177
160	178
160	179
160	180
160	181
160	182
160	183
160	184
162	162
162	214
162	380
162	505
162	756
162	757
162	758
162	770
162	771
162	772
163	163
163	328
163	381
163	441
163	442
163	635
163	942
163	972
163	973
163	974
163	975
163	1137
163	1138
163	1139
163	1140
163	1141
164	431
165	168
165	324
165	329
165	542
165	682
165	819
165	1003
165	1155
165	1175
165	1450
165	1499
165	1500
166	166
166	372
166	1537
167	173
167	275
167	296
167	427
167	436
167	451
167	502
167	755
167	963
167	1174
167	1731
167	1732
168	168
168	198
168	235
168	239
168	245
168	313
168	315
168	322
168	328
168	329
168	330
168	331
168	333
168	336
168	342
168	356
168	573
168	588
168	591
168	677
168	723
168	1494
168	1714
168	1744
168	1745
168	1746
169	169
169	182
169	203
169	274
169	275
169	277
169	370
169	374
169	400
169	450
169	561
169	737
169	740
169	759
169	776
169	804
169	1005
169	1173
169	1240
169	1282
169	1393
169	1397
169	1439
169	1652
169	1750
169	1751
169	1752
169	1753
170	170
170	268
170	840
170	900
170	986
170	1216
170	1900
171	1505
171	1902
171	1903
171	1904
172	172
172	173
172	1426
172	1490
172	1505
172	1903
172	1905
173	173
173	288
173	516
173	580
173	1085
173	1327
173	1426
173	1490
173	1902
174	174
174	1086
174	1227
174	1377
175	381
175	617
175	716
175	843
175	1009
175	1407
175	1914
175	1915
176	452
176	642
176	1004
176	1082
176	1473
176	1826
176	2044
176	2045
176	2046
176	2047
177	606
177	874
177	931
177	2011
177	2081
177	2082
178	432
178	616
178	784
180	298
180	2167
181	275
181	415
181	436
181	437
181	502
181	784
181	1216
181	2090
182	232
182	397
182	427
182	450
182	606
182	673
182	716
182	818
182	1005
182	1073
182	1158
182	1294
182	1369
182	1397
182	1434
182	1651
182	2077
182	2210
182	2211
183	445
183	450
183	818
183	1156
183	1426
183	1572
184	397
184	648
184	672
184	747
184	761
184	1009
184	1117
184	1158
184	1443
184	1618
184	2211
184	2221
185	185
185	186
185	187
185	188
185	189
185	190
185	191
187	190
187	192
187	193
187	194
187	195
187	196
187	197
187	198
187	199
187	200
187	201
187	202
187	203
187	204
187	205
187	206
187	207
189	208
189	209
189	210
189	211
189	212
189	213
189	214
189	215
189	216
189	217
191	212
191	218
191	219
191	220
191	221
191	222
191	223
191	224
191	225
191	226
191	227
192	195
192	215
192	245
192	247
192	346
192	422
192	423
192	424
192	425
192	526
192	553
192	555
193	195
193	198
193	245
193	247
193	327
193	346
193	422
193	425
193	431
193	510
193	526
193	547
193	553
193	554
193	564
193	572
193	577
193	579
193	587
193	588
193	589
193	590
193	591
193	592
194	194
194	198
194	313
194	314
194	318
194	319
194	320
194	321
194	322
194	323
194	324
194	325
194	326
194	328
194	330
194	331
194	333
194	334
194	335
194	336
194	356
194	572
194	588
194	633
194	722
194	723
194	724
194	725
195	195
195	198
195	200
195	211
195	245
195	247
195	263
195	314
195	327
195	330
195	347
195	356
195	430
195	518
195	523
195	526
195	527
195	530
195	531
195	542
195	547
195	553
195	554
195	560
195	564
195	569
195	584
195	598
195	633
195	727
195	728
196	510
196	948
197	197
197	276
197	398
197	419
197	512
197	796
197	842
197	869
197	1047
197	1048
197	1049
197	1050
197	1051
198	198
198	212
198	239
198	245
198	319
198	324
198	334
198	346
198	347
198	489
198	510
198	572
198	601
198	602
198	670
198	759
198	863
198	1240
198	1241
198	1242
199	319
200	239
200	247
200	324
200	425
200	526
200	554
201	245
201	347
201	510
201	542
201	547
201	572
202	415
202	505
202	2002
203	275
203	290
203	298
203	302
203	392
203	415
203	509
203	619
203	713
203	735
203	799
203	1086
203	1501
203	2068
207	1954
207	2094
208	239
208	309
208	310
208	311
209	209
209	305
209	355
209	357
209	360
209	361
209	506
209	507
210	210
210	215
210	424
210	525
210	532
210	583
211	247
211	314
211	528
211	530
211	572
211	578
211	580
211	584
211	631
211	633
211	727
211	731
211	733
212	223
212	235
212	245
212	251
212	267
212	304
212	314
212	398
212	422
212	432
212	433
212	460
212	521
212	523
212	542
212	576
212	659
212	939
212	986
212	1120
212	1189
212	1338
212	1340
212	1404
212	1405
212	1406
212	1407
212	1408
212	1409
212	1410
212	1411
212	1412
212	1413
212	1414
212	1415
212	1416
212	1417
212	1418
212	1419
212	1420
212	1421
212	1422
213	213
213	604
213	1113
214	214
214	770
214	771
214	772
214	1052
214	1148
214	1151
214	1417
215	430
215	525
215	527
215	933
215	1095
215	1257
215	1296
215	1787
216	216
216	503
216	1419
217	217
217	357
217	606
217	623
217	625
217	631
217	633
217	732
217	733
217	1016
217	1095
217	1115
217	1217
218	218
218	282
218	288
218	447
218	635
218	870
218	914
218	941
218	942
218	944
218	950
218	951
218	952
218	953
218	954
218	955
218	956
218	957
218	958
218	959
218	960
218	961
218	962
218	963
218	964
218	965
218	966
218	967
218	968
218	969
219	219
219	220
219	359
219	919
219	922
220	220
220	222
220	223
220	224
220	302
220	1200
220	1201
220	1202
220	1209
220	1210
220	1211
221	245
221	301
221	348
221	359
221	422
221	432
221	433
221	517
221	519
221	530
221	572
221	593
221	670
221	731
221	797
221	854
221	912
221	915
221	916
221	1059
221	1087
221	1105
221	1122
221	1131
221	1135
221	1163
221	1198
221	1454
221	1455
222	223
222	1200
222	1201
222	1202
222	1209
222	1210
223	359
223	519
223	1087
223	1464
224	224
224	302
224	374
224	425
224	526
225	225
225	304
225	732
225	949
226	268
226	282
226	393
226	400
226	412
226	560
226	593
226	653
226	682
226	702
226	761
226	828
226	831
226	834
226	963
226	1005
226	1042
226	1054
226	1111
226	1258
226	1282
226	1380
226	1408
226	1421
226	1702
226	1715
226	1737
226	1840
226	1895
226	2056
226	2057
226	2058
226	2059
226	2060
227	284
227	441
227	1840
227	1980
227	2179
228	228
228	229
228	230
228	231
229	232
232	266
232	304
232	516
232	648
232	821
232	1812
233	233
233	234
233	235
233	236
233	237
234	234
234	237
234	238
235	239
235	240
235	241
235	242
235	243
235	244
235	245
235	246
235	247
235	248
235	249
235	250
235	251
235	252
237	237
237	253
238	608
238	1046
239	239
239	245
239	247
239	252
239	312
239	313
239	314
239	315
239	316
239	317
239	318
239	319
239	320
239	321
239	322
239	323
239	324
239	325
239	326
239	327
239	328
239	329
239	330
239	331
239	332
239	333
239	334
239	335
239	336
239	337
239	338
239	339
239	340
239	341
239	342
239	343
239	344
239	345
239	346
239	347
239	348
240	240
240	245
240	251
240	315
240	441
240	447
240	457
240	642
240	643
240	695
240	797
240	899
240	901
240	902
240	903
240	904
240	905
240	906
240	907
240	908
240	909
240	910
240	911
240	912
241	241
241	243
241	245
241	306
241	315
241	382
241	432
241	512
241	542
241	916
241	1030
241	1044
241	1045
242	242
242	315
242	356
242	451
242	512
242	713
242	945
242	988
242	1052
242	1053
242	1054
243	243
243	245
243	315
243	351
243	512
243	741
243	900
243	939
243	1044
243	1045
243	1055
244	244
244	245
244	315
244	709
244	732
244	797
244	915
244	1087
245	246
245	247
245	248
245	249
245	250
245	251
245	252
245	306
245	315
245	334
245	356
245	357
245	361
245	430
245	435
245	439
245	527
245	530
245	531
245	538
245	542
245	560
245	567
245	570
245	591
245	680
245	681
245	695
245	731
245	741
245	841
245	945
245	1068
245	1069
245	1089
245	1094
245	1095
245	1096
245	1097
245	1098
245	1099
245	1100
245	1101
245	1102
245	1103
246	246
246	315
246	921
246	1043
246	1095
246	1112
246	1113
246	1114
246	1115
246	1116
247	247
247	313
247	327
247	356
247	423
247	425
247	430
247	522
247	527
247	530
247	532
247	539
247	553
247	554
247	560
247	562
247	564
247	566
247	567
247	569
247	572
247	574
247	575
247	577
247	585
247	594
247	595
247	596
247	597
247	682
247	722
247	727
247	1072
247	1128
247	1257
247	1258
248	315
248	425
248	528
248	531
248	549
248	592
248	606
248	945
248	1316
248	1496
248	1736
248	1737
248	1738
248	1739
249	249
249	266
249	280
249	395
249	465
249	491
249	502
249	606
249	711
249	931
249	1837
249	1838
249	1839
249	1843
249	1844
250	250
250	315
250	1851
251	313
251	315
251	512
251	538
251	549
251	595
251	715
251	799
251	1016
251	1085
251	1194
251	1327
251	1329
251	1433
251	1534
251	1623
251	1762
251	1804
251	2049
251	2050
251	2051
252	313
252	315
252	324
252	357
252	425
252	441
252	530
252	531
252	669
252	761
252	1008
252	1009
252	1017
252	1393
252	1996
252	2066
253	254
253	255
253	256
253	257
254	254
255	982
255	1043
255	1068
256	868
256	1523
257	257
257	868
258	258
259	259
259	260
259	261
259	262
259	263
260	260
260	261
260	262
260	263
260	264
260	265
261	261
261	262
261	263
261	266
262	263
263	263
263	305
263	306
263	307
263	308
264	422
264	423
264	424
264	425
265	288
265	910
265	1004
265	1132
265	1223
265	1829
265	1960
266	370
266	806
266	931
266	1839
267	294
267	295
267	296
267	297
267	298
267	299
267	300
267	301
267	302
267	303
267	304
268	294
268	397
268	398
268	399
268	400
268	401
268	402
268	403
268	404
268	405
268	406
269	294
269	383
270	270
270	918
271	919
271	932
272	272
272	282
272	385
272	387
272	408
272	442
272	455
272	868
272	1005
272	1056
272	1188
272	1193
272	1194
272	1195
272	1196
272	1197
273	273
273	678
273	679
273	685
273	688
273	692
273	693
273	694
273	710
273	718
273	765
273	1032
273	1033
273	1344
273	1358
273	1373
274	274
274	275
274	288
274	302
274	372
274	392
274	395
274	400
274	410
274	411
274	412
274	414
274	415
274	416
274	417
274	578
274	950
274	954
274	955
274	1240
274	1446
274	1447
275	291
275	370
275	372
275	392
275	398
275	400
275	410
275	411
275	412
275	414
275	415
275	416
275	417
275	419
275	436
275	516
275	523
275	619
275	652
275	765
275	873
275	877
275	963
275	1148
275	1154
275	1193
275	1216
275	1311
275	1312
275	1449
275	1450
275	1451
275	1452
276	302
277	391
277	680
277	874
277	1327
277	1331
277	1447
277	1754
278	768
278	847
278	1085
279	279
279	373
279	1040
279	1439
280	949
282	290
282	324
282	369
282	439
282	488
282	711
282	756
282	780
282	1164
282	1311
282	1453
286	302
286	465
286	580
286	768
287	292
287	1327
287	1954
288	828
288	846
288	874
288	875
288	876
288	877
288	941
288	1258
288	1340
288	1727
288	2006
288	2007
289	467
289	818
289	840
289	861
289	874
289	887
289	1246
289	1505
289	1667
289	2092
289	2093
290	291
290	766
290	832
290	873
290	874
290	875
290	900
290	1180
290	1899
290	1984
291	412
291	440
291	445
291	467
291	505
291	510
291	545
291	673
291	716
291	762
291	846
291	875
291	877
291	887
291	900
291	963
291	1006
291	1008
291	1117
291	1178
291	1396
291	1452
291	1737
291	1899
291	1910
291	1982
291	2130
291	2131
291	2132
292	516
292	804
292	818
292	846
292	874
292	875
293	372
293	411
293	549
293	761
293	766
293	963
293	1110
293	1532
293	1743
293	2183
293	2184
294	294
294	369
294	370
294	371
294	372
294	373
294	374
294	375
294	376
294	377
294	378
295	295
295	587
295	636
295	645
295	714
295	982
295	1061
295	1062
295	1063
295	1064
295	1065
295	1066
296	296
296	319
296	446
296	516
296	603
296	768
296	1240
296	1726
296	1727
296	1728
296	1729
296	1730
297	330
297	331
297	479
297	502
297	1008
297	1156
297	1740
298	545
298	616
298	716
298	786
298	819
298	862
298	1173
298	1741
298	1742
298	1743
299	299
299	1888
299	1889
300	300
301	381
301	548
301	719
301	1009
301	1396
301	1450
301	1840
301	1864
301	1910
301	1971
302	351
302	380
302	436
302	523
302	759
302	784
302	875
302	963
302	995
302	1131
302	1150
302	1240
302	1337
302	1386
302	1514
302	1840
302	1864
302	2111
302	2112
302	2113
302	2114
302	2115
302	2116
302	2117
303	309
303	429
303	451
303	502
303	766
303	818
303	834
303	1393
303	1652
303	2121
304	361
304	367
304	381
304	397
304	437
304	508
304	545
304	548
304	606
304	616
304	672
304	716
304	761
304	762
304	773
304	785
304	786
304	804
304	826
304	831
304	833
304	835
304	843
304	914
304	988
304	1005
304	1008
304	1009
304	1097
304	1167
304	1250
304	1298
304	1302
304	1310
304	1426
304	1434
304	1443
304	1491
304	1654
304	1674
304	1902
304	2149
304	2150
304	2151
304	2152
304	2153
304	2154
304	2155
305	355
305	360
305	506
305	508
305	509
305	510
305	511
306	432
307	755
309	309
309	349
310	310
310	350
310	351
310	352
310	353
310	354
311	311
311	364
311	365
312	383
312	426
312	441
312	442
312	443
312	444
312	445
312	446
312	447
312	448
312	449
312	450
312	451
312	452
312	453
312	454
313	319
313	324
313	346
313	354
313	358
313	430
313	512
313	554
313	602
313	633
313	717
313	718
313	729
314	319
314	324
314	337
314	340
314	422
314	513
314	526
314	554
314	572
314	604
314	605
314	606
314	725
314	780
315	430
315	1092
315	1093
316	316
316	317
316	340
316	441
316	637
316	638
316	639
316	640
316	641
316	1110
316	1143
316	1144
316	1146
316	1147
317	317
317	340
317	351
317	441
317	637
317	638
317	639
317	640
317	641
317	1143
317	1144
317	1145
317	1146
317	1147
317	1187
318	318
318	319
318	337
318	340
318	639
318	642
318	901
318	902
319	319
319	320
319	321
319	322
319	323
319	324
319	325
319	326
319	510
319	515
319	580
319	584
319	588
319	603
319	633
319	1120
319	1215
319	1235
319	1236
319	1237
322	324
324	324
324	326
324	328
324	329
324	330
324	331
324	332
324	333
324	356
324	357
324	549
324	552
324	556
324	584
324	588
324	722
324	804
324	833
324	946
324	1244
324	1245
324	1246
324	1247
324	1248
325	545
325	616
325	1176
325	1250
325	1251
327	347
327	401
327	423
327	425
327	547
327	554
327	572
327	718
328	718
328	1032
330	340
330	510
330	554
330	572
330	588
330	601
330	639
330	718
331	1008
331	1491
331	1492
333	433
333	617
333	822
334	572
334	840
337	357
337	407
337	519
337	533
337	534
337	535
337	536
337	537
337	692
337	726
337	734
337	921
337	1315
337	1404
337	1574
337	1576
337	1578
337	1579
337	1580
337	1581
337	1582
337	1583
337	1584
337	1586
337	1587
337	1588
337	1589
337	1591
337	1592
337	1593
337	1594
338	338
339	339
339	588
340	340
340	441
340	507
340	637
340	638
340	639
340	640
340	641
340	1143
340	1144
340	1145
340	1146
340	1527
341	341
342	515
342	603
343	515
343	580
343	603
346	425
346	430
346	530
346	531
346	564
346	566
346	584
346	590
346	592
346	755
346	762
346	818
346	836
346	945
346	1250
346	1316
346	1317
346	1935
346	2118
347	357
347	425
347	531
347	538
347	545
347	560
347	584
347	606
347	621
347	631
347	682
347	836
347	1223
347	1316
347	1370
347	1910
347	1996
347	2168
347	2169
348	357
348	408
348	531
348	631
348	836
348	1087
348	1099
348	1194
348	1198
348	1316
348	1996
348	2172
348	2173
349	469
349	1328
349	1610
349	1850
350	386
350	437
350	914
350	982
350	983
350	1175
351	351
351	353
351	427
351	639
351	640
351	759
351	840
351	949
351	1120
351	1144
351	1340
351	1462
351	1658
352	709
353	949
353	1656
354	354
354	369
354	413
354	448
354	501
354	530
354	744
354	745
354	804
354	915
354	993
354	1549
354	1563
354	1567
354	1633
354	1634
354	1760
354	1761
355	355
355	505
356	633
356	717
356	726
357	357
357	528
357	547
357	572
357	606
357	608
357	622
357	625
357	633
357	660
357	669
357	697
357	713
357	715
357	716
357	730
357	731
357	732
357	733
357	734
357	735
358	358
358	422
358	445
358	512
358	572
358	605
358	678
358	685
358	688
358	691
358	697
358	707
358	708
358	1021
358	1036
358	1037
359	359
359	387
359	542
359	754
359	904
359	1087
359	1090
359	1091
359	1180
359	1198
359	1199
359	1200
359	1201
359	1202
359	1203
359	1204
359	1205
359	1206
359	1207
359	1208
361	361
361	625
361	1059
361	1328
362	373
362	913
362	1857
363	363
363	1869
364	593
364	761
365	365
366	366
366	367
366	368
367	368
367	894
367	931
367	1973
369	379
369	380
369	381
369	382
369	383
369	384
369	385
369	386
369	387
369	388
369	389
369	390
369	391
369	392
370	393
370	394
370	395
370	396
371	407
371	408
371	409
372	392
372	400
372	410
372	411
372	412
372	413
372	414
372	415
372	416
372	417
373	383
373	418
374	400
374	410
374	411
374	412
374	414
374	415
374	416
374	417
374	419
375	375
375	469
375	525
375	560
375	594
375	595
375	984
375	986
375	1275
375	1276
376	840
376	1086
376	1227
376	1509
376	1510
376	1511
376	1512
376	1513
377	385
377	761
377	774
377	786
377	819
377	1004
377	1196
377	1393
377	1397
377	1652
377	1653
378	770
378	944
378	994
378	1319
378	1806
378	1899
378	2171
379	379
379	468
379	469
379	470
379	471
379	472
379	473
379	474
379	475
379	476
379	477
379	483
380	380
380	436
380	755
380	756
380	757
380	758
380	763
380	767
380	768
380	769
381	381
381	422
381	449
381	451
381	511
381	709
381	732
381	894
381	949
381	972
381	973
381	1122
381	1130
381	1131
381	1132
381	1133
381	1134
381	1135
381	1136
382	382
382	506
382	1388
382	1389
382	1390
383	383
383	404
383	531
383	634
383	732
383	759
383	935
383	936
384	384
384	1538
384	1539
385	385
385	408
385	455
385	538
385	904
385	915
385	1056
385	1189
385	1194
385	1195
385	1639
385	1640
385	1641
385	1642
385	1643
386	386
386	466
386	797
386	904
386	909
386	915
386	1104
386	1255
386	1668
386	1669
386	1670
386	1671
387	625
387	767
387	797
387	903
387	904
387	915
387	1090
387	1104
387	1109
387	1454
387	1672
388	388
388	542
388	1121
388	1719
389	389
389	1242
390	390
391	606
391	672
391	827
391	842
391	870
391	875
391	881
391	900
391	925
391	1086
391	1117
391	1240
391	1258
391	1297
391	1363
391	1443
391	1775
391	1840
391	1859
391	1974
391	1975
391	1976
391	1977
391	1978
392	400
392	410
392	412
392	415
392	417
392	419
392	873
392	1193
392	1216
392	1312
392	1448
392	1449
393	393
393	581
393	1120
394	502
394	1006
394	1209
394	1301
394	2089
394	2090
395	931
395	1256
395	1844
395	2176
396	716
397	397
397	422
397	436
397	505
397	516
397	831
397	852
397	986
397	987
397	988
397	989
397	990
397	991
397	992
397	993
397	994
397	995
398	398
398	431
398	433
398	441
398	442
398	584
398	598
398	726
398	869
398	870
398	900
398	945
398	951
398	953
398	954
398	962
398	1051
398	1177
398	1215
398	1216
398	1217
398	1218
398	1219
398	1220
398	1221
398	1222
398	1223
399	399
399	465
399	469
399	484
399	580
399	900
399	986
399	1120
399	1155
399	1240
399	1313
399	1514
399	1515
399	1516
399	1517
400	400
400	411
400	412
400	414
400	415
400	416
400	417
400	419
400	479
400	873
400	950
400	951
400	952
400	953
400	954
400	955
400	956
400	957
400	958
400	962
400	1193
400	1240
400	1312
400	1449
401	986
401	1038
401	1783
401	1784
401	1785
402	402
402	776
402	1148
403	403
403	504
404	527
404	761
404	764
404	768
404	805
405	882
405	2061
406	1009
407	407
407	533
407	534
407	734
407	921
407	1574
407	1575
407	1576
407	1577
407	1578
407	1579
407	1580
407	1581
407	1582
407	1583
407	1584
407	1585
407	1586
407	1587
407	1588
407	1589
407	1590
408	408
408	568
408	716
408	904
408	988
408	1001
408	1002
408	1637
409	409
409	1717
410	410
410	411
410	412
410	432
410	732
410	985
410	1193
410	1216
410	1312
410	1400
411	411
411	412
411	414
411	415
411	417
411	419
411	578
411	873
411	954
411	957
411	1086
411	1193
411	1216
411	1240
411	1312
412	412
412	414
412	415
412	416
412	417
412	419
412	619
412	868
412	873
412	1193
412	1216
412	1240
412	1312
412	1448
413	413
413	501
413	915
413	1216
413	1455
414	414
414	928
414	1193
414	1240
414	1312
414	1427
414	1747
414	1748
414	1749
415	415
415	416
415	417
415	419
415	619
415	873
415	952
415	954
415	956
415	957
415	962
415	1193
415	1216
415	1240
415	1275
415	1312
415	1448
415	1711
415	1754
415	1788
416	416
416	419
416	954
416	1193
416	1240
416	1312
417	419
417	619
417	873
417	1193
417	1216
417	1240
417	1312
417	1789
418	418
418	818
418	1067
418	1117
419	1148
419	1193
419	1240
419	1312
420	420
420	421
421	545
421	593
421	616
421	762
421	1250
422	422
422	423
422	424
422	425
422	427
422	430
422	450
422	518
422	519
422	520
422	521
422	522
422	523
422	524
422	525
422	526
422	527
422	528
422	529
422	530
422	531
422	532
422	533
422	534
422	535
422	536
422	537
422	538
422	539
422	540
422	541
422	542
422	543
422	544
422	545
422	546
422	547
422	548
422	549
422	550
422	551
422	552
423	423
423	424
423	425
423	431
423	518
423	519
423	522
423	524
423	525
423	526
423	527
423	560
424	424
424	425
424	430
424	518
424	519
424	521
424	523
424	524
424	525
424	526
424	527
424	593
425	430
425	518
425	519
425	525
425	526
425	527
425	530
425	554
425	560
425	564
425	567
425	569
425	570
425	572
425	577
425	585
425	586
425	590
425	594
425	595
425	596
425	597
425	598
425	599
425	600
425	601
425	602
426	426
426	427
426	428
426	429
427	430
427	431
427	432
427	433
427	434
427	435
429	455
430	441
430	526
430	527
430	542
430	547
430	554
430	555
430	560
430	564
430	567
430	572
430	575
430	577
430	586
430	587
430	591
430	595
430	609
431	445
431	558
431	563
431	564
431	566
431	593
431	606
431	701
431	716
431	761
431	783
431	945
431	1009
431	1172
431	1245
431	1255
431	1340
431	1391
431	1392
431	1393
431	1394
431	1395
431	1396
431	1397
431	1398
431	1399
432	444
432	447
432	542
432	549
432	1224
432	1423
433	549
433	594
434	607
434	804
434	819
434	1087
434	2091
435	441
435	445
435	450
435	546
435	768
435	887
435	1073
435	1100
435	1572
435	1942
435	2042
435	2077
436	436
436	516
436	604
436	656
436	672
436	729
436	762
436	765
436	768
436	806
436	829
436	851
436	860
436	861
436	862
436	863
436	864
436	865
436	866
436	867
436	868
436	869
436	870
436	871
436	872
436	873
436	874
436	875
436	876
436	877
436	878
436	879
436	880
436	881
436	882
436	883
436	884
436	885
436	886
436	887
436	888
436	889
436	890
436	891
436	892
436	893
436	894
437	437
437	513
437	548
437	553
437	606
437	1175
437	1176
438	438
438	509
438	1049
438	1578
438	1840
438	1920
438	1921
438	1922
438	1923
439	773
439	2074
440	672
440	673
440	765
440	887
440	1711
440	2175
441	442
441	560
441	572
441	620
441	625
441	626
441	633
441	634
441	635
441	636
441	637
441	638
441	639
441	640
441	641
441	642
441	643
441	644
441	645
441	646
441	647
441	648
441	649
441	650
441	651
441	652
441	653
441	654
441	655
441	656
441	657
441	658
441	659
441	660
441	661
441	662
441	663
441	664
441	665
441	666
441	667
442	572
442	620
442	625
442	634
442	635
442	647
442	658
442	705
442	706
443	1111
444	444
444	517
444	949
444	1224
444	1225
444	1226
445	445
445	844
445	949
445	1475
445	1476
445	1477
445	1478
446	580
446	1030
446	1613
447	580
449	459
449	818
449	1073
450	587
450	615
450	1008
450	1056
450	1079
450	1132
450	1179
450	1299
450	1957
450	1958
450	1959
451	606
451	617
451	775
451	819
451	824
451	846
451	894
451	1073
451	1154
451	1158
451	1298
451	1426
451	1775
451	1812
451	1994
451	2021
451	2022
452	1826
455	538
455	549
455	822
455	1326
455	1654
456	456
456	457
457	457
458	458
458	459
460	461
462	462
462	463
462	464
463	464
463	465
464	464
464	466
464	467
465	484
465	487
465	490
465	491
465	492
465	493
465	494
465	495
465	496
465	497
465	498
465	499
465	500
466	797
466	798
467	467
467	781
467	995
468	468
468	469
468	470
468	471
468	472
468	473
468	474
468	475
468	476
468	477
469	478
469	479
469	480
469	481
470	482
477	482
478	478
478	1112
478	1264
478	1265
478	1266
479	479
479	762
479	1687
479	1796
479	1797
479	1798
479	1799
479	1800
480	480
480	1813
480	1814
480	1815
480	1816
480	1817
481	481
481	1917
481	1918
481	1919
484	484
484	485
484	486
484	487
484	488
484	489
484	490
488	488
488	501
488	502
488	503
490	1962
491	587
491	711
491	784
491	919
491	931
492	492
493	587
493	1079
493	1131
493	1963
501	501
501	651
501	738
501	743
501	744
501	746
501	749
501	750
501	752
501	782
501	982
501	993
501	1563
501	1567
501	1568
501	1569
502	587
502	1079
502	1953
503	509
504	504
505	683
505	977
505	994
505	1156
505	1167
505	1841
505	1872
505	2170
506	506
508	508
508	705
508	709
508	925
508	929
508	987
508	1294
508	1295
508	1296
508	1297
508	1298
508	1299
508	1300
508	1301
508	1302
508	1303
508	1304
508	1305
508	1306
509	509
509	654
509	1098
509	1642
509	1920
509	1921
509	1922
509	1924
510	531
510	532
510	548
510	567
510	584
510	586
510	594
510	681
510	722
510	727
510	755
510	800
510	1360
510	1364
510	1401
510	1537
510	1864
510	1971
510	2126
510	2127
510	2128
510	2129
511	616
511	819
511	1009
511	1058
511	1303
511	1364
512	512
512	732
512	804
512	915
512	1038
512	1039
512	1040
512	1041
512	1042
513	513
513	556
513	604
513	733
513	939
513	1130
513	1351
513	1352
513	1353
513	1355
513	1356
513	1601
513	1605
513	1608
513	1609
513	1610
513	1611
514	514
514	528
514	564
514	697
514	1852
514	1853
514	1854
514	1855
514	1856
515	515
515	584
515	603
515	670
515	1046
515	1130
515	1236
515	1610
516	545
516	762
516	815
516	818
516	819
516	846
516	874
516	1167
516	1195
516	1300
516	1326
516	1374
516	1393
516	1397
516	1652
516	1944
516	2181
516	2182
517	768
517	860
517	1175
517	1396
517	1443
517	1450
517	1452
517	1840
518	526
518	553
518	554
519	521
519	524
519	526
519	556
519	557
521	524
521	526
521	558
521	559
522	580
523	523
523	524
523	526
523	581
524	524
525	526
525	532
525	555
525	582
525	583
526	526
526	527
526	554
526	560
526	562
526	564
526	567
526	569
526	577
526	584
526	585
526	586
527	572
527	603
527	604
527	605
528	606
528	607
528	608
529	610
530	547
530	553
530	572
530	601
530	633
531	553
531	554
531	572
531	603
531	717
531	1403
532	532
532	576
532	583
532	660
532	761
532	1501
533	534
534	534
534	536
534	921
534	1574
534	1576
534	1578
534	1579
534	1582
534	1583
534	1584
534	1587
534	1588
534	1589
534	1590
538	572
538	1650
540	555
540	1687
541	572
541	1338
542	549
542	577
542	593
542	625
542	982
542	1087
542	1198
542	1338
542	1422
542	1455
542	1720
543	648
543	962
544	840
545	1132
545	1958
546	649
546	877
546	912
546	1189
546	1954
546	1979
546	1980
547	569
547	590
547	591
547	592
547	634
547	1316
547	1319
547	1996
548	613
548	759
548	949
548	1116
548	1132
548	1174
548	1175
548	1176
548	1455
548	1843
548	1999
549	572
549	603
549	894
549	1134
549	1421
549	1641
550	555
550	583
552	572
552	576
553	553
553	554
553	560
553	564
553	585
553	727
553	759
553	804
553	1526
553	1527
554	554
554	560
554	564
554	584
554	594
554	598
554	978
554	1113
554	1181
554	1291
554	1439
554	1674
555	1375
555	1382
556	605
557	1306
557	1518
557	1971
560	562
560	572
560	633
560	717
560	718
561	561
561	737
561	738
561	739
561	740
562	562
562	564
562	585
564	572
564	577
564	587
564	997
564	998
564	999
564	1000
568	568
568	1001
568	1002
569	572
571	1003
572	584
572	589
572	591
572	592
572	603
572	606
572	621
572	633
572	644
572	711
572	716
572	727
572	945
572	996
572	1017
572	1245
572	1315
572	1316
572	1317
572	1318
572	1319
572	1320
572	1321
572	1322
572	1323
573	1766
574	2136
575	1465
576	1004
576	1654
576	2156
576	2157
576	2158
577	585
577	1005
577	1093
577	1096
577	1502
577	2160
577	2161
578	673
578	687
578	1144
578	2198
578	2199
580	580
580	759
580	804
580	819
580	843
580	876
580	878
580	879
580	880
580	970
580	986
580	1073
580	1212
580	1238
580	1240
580	1335
580	1336
580	1481
580	1482
580	1483
580	1484
580	1485
580	1486
580	1487
580	1488
581	2159
582	582
582	1490
583	583
584	601
584	603
584	633
585	587
586	587
587	597
587	636
587	645
587	681
587	702
587	711
587	714
587	715
587	717
587	719
587	804
587	805
587	977
587	1007
587	1016
587	1061
587	1062
587	1064
587	1065
587	1066
587	1070
587	1072
587	1073
587	1074
587	1075
587	1076
587	1077
587	1078
587	1079
588	1243
589	717
589	725
591	1420
591	1755
592	601
592	1403
593	593
593	726
593	809
593	848
593	900
593	945
593	1233
593	1455
593	1458
593	1459
593	1460
593	1461
593	1462
593	1463
595	601
597	600
598	1675
600	1180
601	633
601	709
601	727
601	841
601	1319
601	1606
601	1935
601	1998
603	603
603	1215
603	1236
603	1238
603	1239
604	604
604	733
604	768
604	862
604	865
604	1094
604	1351
604	1352
604	1353
604	1354
604	1596
604	1597
604	1598
604	1599
604	1600
604	1601
604	1602
604	1603
604	1604
604	1605
604	1606
604	1607
605	733
605	844
605	1094
605	1224
605	1351
605	1352
605	1353
605	1354
605	1355
605	1356
605	1549
605	1597
605	1598
605	1599
605	1600
605	1601
605	1604
605	1607
605	1608
605	1611
605	1626
605	1627
605	1628
605	1629
605	1630
605	1631
605	1632
606	606
606	622
606	625
606	631
606	693
606	715
606	716
606	730
606	731
606	774
606	844
606	845
606	846
606	847
606	848
606	849
606	850
606	851
608	608
608	621
608	623
608	625
608	627
608	629
608	631
608	669
608	686
608	717
608	731
608	939
608	1130
608	1520
608	1734
610	610
610	611
610	612
610	613
612	612
612	613
614	615
615	617
615	716
615	784
615	786
615	834
615	1096
615	1637
615	1718
616	616
616	617
616	618
616	619
617	652
617	702
617	762
617	828
617	1250
617	1288
617	1347
617	1457
617	1649
617	1840
617	1858
617	1910
617	1911
617	1912
617	1913
618	773
618	1259
618	1366
618	1530
618	1915
618	2106
618	2107
619	786
619	828
619	836
619	877
619	883
619	1114
619	1158
619	1176
619	1393
619	1450
619	1514
619	1714
619	1832
619	1996
619	2063
619	2064
619	2137
619	2138
619	2139
619	2140
620	620
620	621
620	622
620	623
620	624
620	625
620	626
620	627
620	628
620	629
620	630
620	631
620	632
621	649
621	668
621	669
621	670
621	671
622	622
622	624
622	625
622	626
622	628
622	630
622	674
622	675
622	676
622	677
622	679
622	684
622	685
622	686
622	687
622	688
622	689
623	690
624	625
624	675
624	679
624	691
624	692
624	693
624	694
625	625
625	627
625	628
625	629
625	630
625	631
625	632
625	649
625	650
625	675
625	676
625	677
625	679
625	686
625	688
625	695
625	696
625	697
625	698
625	699
625	700
625	701
625	702
625	703
625	704
626	632
626	675
626	679
626	698
627	690
627	695
628	628
628	678
628	679
628	684
628	688
628	691
628	694
628	696
628	707
628	708
628	709
628	710
628	711
629	690
629	712
630	632
630	675
630	679
630	688
630	689
631	633
631	669
631	713
631	714
631	715
631	716
632	632
632	674
632	675
632	676
632	677
632	679
633	633
633	717
633	718
633	719
633	720
633	721
634	634
634	934
634	935
634	936
634	937
634	938
635	635
635	944
635	972
635	973
635	974
635	975
636	636
636	645
636	714
636	717
636	982
636	1061
636	1062
636	1063
636	1064
636	1065
636	1066
636	1068
636	1071
636	1081
637	637
637	638
637	639
637	640
637	641
637	1142
637	1143
637	1144
637	1145
638	639
639	639
639	640
639	641
639	1143
639	1144
639	1145
639	1146
641	1110
642	695
642	908
642	909
643	695
643	983
644	750
644	754
644	983
645	714
645	717
645	982
645	1061
645	1062
645	1063
645	1064
645	1066
645	1291
645	1292
645	1293
646	742
646	743
646	845
646	1084
646	1540
646	1541
646	1542
646	1543
646	1544
646	1545
646	1546
646	1547
646	1548
646	1549
646	1550
646	1551
646	1552
646	1553
646	1554
646	1555
646	1556
646	1557
648	971
649	673
649	726
649	1443
649	1859
649	1860
650	654
650	996
652	768
652	804
652	840
652	1172
653	1005
654	655
654	846
654	874
654	996
654	1172
654	2080
655	996
658	1347
658	2120
659	836
659	1318
667	1058
667	1360
667	1425
668	668
668	1086
668	1702
669	669
669	804
669	841
669	1171
669	1175
669	1645
671	726
671	836
671	1166
671	1859
672	672
672	673
672	1121
672	1122
672	1123
672	1124
673	1122
673	1125
674	675
674	688
674	698
675	675
675	676
675	677
675	679
675	687
675	698
676	688
677	679
677	688
678	685
678	686
678	687
678	691
678	692
678	707
678	1021
678	1023
678	1024
678	1025
678	1027
678	1028
678	1036
678	1170
678	1344
678	1345
678	1349
678	1358
678	1722
679	684
679	685
679	686
679	687
679	692
679	696
679	698
679	699
679	707
679	1025
679	1034
679	1035
679	1036
679	1118
679	1170
679	1344
679	1350
679	1358
679	1524
680	850
680	1161
680	1875
680	1876
682	750
682	1161
682	1420
682	1440
682	1701
682	1786
682	1801
682	1968
682	1969
683	821
683	1447
684	684
684	688
684	691
684	694
684	696
684	708
684	710
685	688
685	691
685	692
685	693
685	694
685	698
685	707
685	708
685	710
685	718
685	1032
685	1033
686	688
686	696
686	698
687	688
687	692
687	696
687	698
687	710
687	718
688	692
688	696
688	1020
688	1025
688	1026
688	1027
688	1034
688	1036
688	1170
688	1350
688	1524
688	1525
689	689
689	1440
689	1528
689	1704
689	1705
689	1706
689	1708
690	690
690	1016
690	1605
690	1862
690	1863
691	691
691	707
691	708
691	1019
691	1020
691	1021
691	1022
691	1023
691	1024
691	1025
691	1026
691	1027
691	1028
691	1029
692	692
692	698
692	710
692	733
692	1032
692	1344
692	1349
692	1350
692	1351
692	1352
692	1353
692	1354
692	1355
692	1356
692	1357
692	1358
693	867
693	1118
693	1185
693	1186
693	1344
693	1349
693	1350
693	1373
693	1521
694	1034
694	1170
694	1555
695	695
695	899
695	901
695	902
695	905
695	906
695	907
695	908
695	909
695	915
695	916
695	917
696	696
696	707
696	710
696	1034
696	1035
696	1170
697	717
697	718
698	698
698	1034
698	1035
698	1170
700	800
705	705
705	929
706	759
706	806
706	1004
706	1223
706	1340
706	2208
707	707
707	708
707	1020
707	1023
707	1025
707	1026
707	1031
708	1019
708	1021
708	1023
708	1025
708	1027
708	1028
708	1034
708	1035
709	1445
710	710
710	1034
710	1035
710	1170
710	1344
710	1358
710	1373
710	1525
710	1721
711	711
711	1282
711	1386
711	1737
711	1804
711	1805
711	1806
711	1807
711	1808
711	1809
712	712
712	726
712	759
712	840
713	804
713	820
713	821
713	822
713	828
713	840
713	841
714	714
714	982
714	1061
714	1062
714	1063
714	1064
714	1065
714	1066
714	1068
714	1080
715	716
715	825
715	932
715	1016
715	1085
715	1325
715	1326
715	1328
715	1329
716	716
716	735
716	784
716	1638
717	717
717	982
717	1061
717	1062
717	1063
717	1064
717	1065
718	727
718	1217
718	1344
718	1345
719	1864
725	1042
725	1407
725	1502
726	836
726	1316
726	1318
726	1636
730	852
731	853
731	854
731	855
732	798
732	982
732	983
732	984
732	985
733	1324
734	1595
735	804
738	738
738	741
738	742
738	743
738	744
738	745
738	746
738	747
738	748
738	749
738	750
738	751
738	752
738	753
738	754
739	755
741	741
741	1044
741	1045
741	1055
741	1169
742	743
742	1278
742	1279
743	743
743	744
743	750
743	845
743	1281
743	1540
743	1541
743	1542
743	1543
743	1544
743	1545
743	1546
743	1547
743	1548
743	1549
743	1550
743	1551
743	1552
743	1553
743	1554
743	1555
743	1556
743	1559
743	1562
743	1566
744	750
745	1563
747	750
750	751
750	752
751	754
754	1255
754	2186
754	2187
754	2188
755	764
755	785
755	840
755	915
755	1619
755	1654
755	2003
755	2004
755	2005
756	756
756	757
756	758
756	759
756	760
756	761
756	762
756	763
756	764
756	765
756	766
759	776
759	777
759	778
759	779
759	780
760	760
760	856
760	857
761	761
761	1180
762	1053
762	1801
762	1802
762	1803
763	763
764	894
765	830
765	1056
765	1167
765	1179
765	1453
765	1756
766	774
766	930
766	1098
766	1148
766	1189
766	1775
766	2122
767	859
768	861
768	862
768	863
768	864
768	865
768	866
768	868
768	874
768	895
768	896
768	897
768	898
769	769
769	846
769	927
769	945
769	1120
769	1676
773	806
773	946
774	828
774	877
774	1010
774	2097
774	2098
774	2099
774	2100
775	806
776	776
776	778
777	777
777	900
777	913
778	778
778	986
778	1085
778	1175
778	1240
778	1333
778	1540
778	1694
779	1340
779	1737
780	833
780	1167
780	1245
780	1341
780	1375
780	1616
781	793
781	794
781	795
781	796
782	782
782	949
782	1196
783	783
783	1849
784	784
784	939
784	1030
784	1118
784	1242
784	1378
784	1401
784	1462
784	1740
784	1764
784	1879
784	1880
784	1881
784	1882
784	1883
784	1884
784	1885
784	1886
786	894
786	1008
793	793
793	1682
793	1683
793	1684
793	1685
793	1686
794	794
794	927
794	986
794	1155
794	1514
794	1517
794	1750
794	1867
795	795
795	1242
796	796
796	842
796	869
796	1048
796	1050
797	797
797	798
797	903
797	904
797	915
797	1104
797	1105
797	1106
797	1107
797	1108
797	1109
797	1110
798	798
798	904
798	915
798	1104
798	1410
798	1454
799	799
799	800
799	801
799	802
799	803
799	804
799	805
799	806
799	807
799	808
799	809
800	800
800	801
800	802
800	808
800	810
800	811
800	812
800	813
800	814
800	815
800	816
800	817
801	818
802	819
804	804
804	827
804	910
804	916
804	1056
804	1057
804	1058
804	1059
804	1060
806	1154
806	1161
806	1688
806	1828
808	809
808	898
809	840
809	946
815	1462
816	1462
818	910
818	1675
819	949
819	1132
819	1179
820	820
820	821
820	822
820	823
820	824
820	825
820	826
821	822
821	831
821	832
821	833
821	834
821	835
821	836
821	837
821	838
821	839
822	842
822	843
823	823
827	827
827	842
827	986
827	1120
827	1489
828	894
828	957
828	1688
828	1729
830	1522
830	1826
831	965
831	1056
831	1384
832	832
832	1762
833	894
833	1957
836	1180
836	1786
840	840
840	898
840	939
840	1118
840	1290
840	1892
840	1893
840	1894
840	1895
840	1896
840	1897
840	1898
840	1899
841	1754
842	1237
845	1278
845	1450
846	894
846	1154
847	847
847	1120
848	1839
849	1169
849	1916
849	2011
850	1161
850	1376
850	1378
850	1383
850	1450
850	1878
852	990
852	1868
853	853
853	854
853	1052
853	1148
853	1149
853	1150
854	854
854	855
854	1163
855	1163
858	858
859	859
859	1104
859	1870
859	1871
859	1872
859	1873
861	865
862	865
862	866
862	1118
862	1119
863	865
863	866
863	1119
864	865
865	865
865	872
865	1120
866	866
867	1185
867	1186
867	1249
868	868
869	1701
870	942
870	957
870	962
871	871
871	1327
873	994
874	931
874	1864
874	1929
874	1971
875	994
875	1384
875	1979
876	1085
877	1362
877	1982
877	2008
877	2009
877	2010
880	1085
881	1450
881	1572
881	2043
894	968
894	1008
894	1099
894	1452
894	1572
894	1654
894	2214
895	1268
898	977
898	1359
898	2192
899	899
899	900
900	913
900	914
901	909
906	909
908	909
909	909
909	1547
909	1818
909	1819
910	1329
910	1820
910	1821
910	1822
912	1670
913	913
913	1083
913	1084
913	1085
913	1086
914	914
914	1120
914	1262
914	1263
915	1046
916	1005
916	1198
916	1464
919	919
919	920
919	921
919	922
919	923
919	924
919	925
919	926
920	920
920	924
920	927
920	928
921	929
922	922
922	928
922	930
923	928
924	924
925	925
925	1185
925	1307
926	926
926	1695
926	1696
926	1697
927	1249
927	1325
928	1764
928	1840
928	1952
928	2071
928	2072
929	929
929	1307
929	1308
931	931
931	1837
931	1838
931	1839
931	1840
931	1841
931	1842
932	932
934	934
934	935
934	986
935	935
935	936
935	1536
936	936
940	949
941	944
941	965
941	966
941	969
941	970
942	942
942	944
942	971
944	944
944	965
944	966
944	976
944	977
944	978
944	979
944	980
944	981
945	996
946	1154
946	1643
946	1688
946	1826
948	1173
948	1505
948	2189
948	2190
949	994
949	1150
949	1167
949	1298
949	1360
949	1465
949	1656
949	1658
949	1659
949	1660
949	1661
949	1662
949	1663
949	1664
950	951
950	957
950	962
951	951
951	953
951	954
951	955
951	957
951	958
951	962
951	971
951	1240
951	1710
952	957
953	957
953	962
954	957
954	962
955	962
956	957
956	962
957	958
957	959
957	962
957	1711
957	1712
957	1713
958	962
962	962
962	971
962	1540
962	1711
963	1059
963	1085
963	1755
963	1756
964	1306
965	965
965	1645
967	1451
967	1891
968	1186
968	1969
970	1189
970	1267
975	1347
976	976
976	977
981	1707
981	2195
982	982
982	1043
982	1061
982	1062
982	1064
982	1065
982	1068
982	1082
983	1252
983	1253
983	1254
984	984
984	1274
984	1275
984	1276
985	985
985	1008
985	1400
985	1402
989	1119
993	993
993	1634
993	1779
993	1887
994	1148
994	2002
995	1840
995	1864
995	1971
995	2108
995	2109
995	2110
996	1316
996	2080
996	2147
996	2148
997	1906
1003	1003
1003	1655
1004	1085
1004	1086
1004	1802
1004	1955
1005	1056
1005	1956
1008	1972
1009	1135
1009	1179
1010	1864
1011	1754
1016	1085
1016	1187
1016	1325
1016	1327
1016	1328
1020	1025
1022	1022
1023	1030
1025	1026
1030	1613
1030	1797
1030	1964
1030	2206
1030	2207
1032	1032
1032	1344
1032	1345
1032	1346
1033	1033
1033	1185
1033	1186
1039	1043
1043	1043
1043	1068
1046	1046
1046	1130
1046	1610
1046	1845
1046	1846
1046	1847
1046	1848
1049	1700
1051	1051
1052	1052
1052	1148
1052	1151
1052	1152
1052	1153
1052	1154
1053	1250
1057	1572
1058	1972
1061	1061
1061	1062
1061	1064
1061	1065
1061	1066
1061	1068
1062	1062
1062	1063
1062	1064
1062	1065
1062	1066
1062	1068
1062	1069
1063	1064
1063	1065
1063	1066
1063	1070
1064	1064
1064	1065
1064	1066
1064	1070
1064	1071
1065	1065
1065	1066
1065	1070
1066	1066
1066	1071
1066	1112
1068	1068
1070	1070
1071	1071
1074	1572
1076	1809
1079	2003
1081	1081
1081	1698
1081	1699
1084	1084
1085	1085
1085	1187
1085	1297
1085	1310
1085	1325
1085	1326
1085	1327
1085	1328
1085	1329
1085	1332
1085	1333
1085	1334
1085	1335
1085	1336
1085	1337
1085	1338
1085	1339
1086	1086
1086	1226
1086	1227
1086	1258
1086	1282
1086	1335
1086	1393
1086	1503
1086	1504
1086	1505
1086	1506
1086	1507
1086	1508
1087	1090
1087	1091
1090	1090
1090	1091
1090	1198
1090	1200
1090	1201
1090	1203
1090	1204
1090	1205
1090	1206
1090	1207
1091	1091
1091	1198
1091	1200
1091	1201
1091	1202
1091	1203
1091	1204
1091	1209
1092	1092
1093	1654
1093	2087
1094	1324
1094	1612
1096	1419
1096	1457
1096	2014
1096	2015
1098	1383
1098	2125
1099	1134
1110	1110
1110	1425
1110	1532
1110	1533
1111	1438
1111	2163
1112	1112
1112	1266
1112	1267
1112	1268
1112	1269
1112	1270
1112	1271
1112	1272
1112	1273
1114	1812
1115	1227
1117	1189
1118	1185
1118	1186
1119	1119
1119	1874
1120	1249
1121	2123
1121	2124
1124	2209
1125	2084
1126	1127
1126	1128
1126	1129
1132	1250
1132	1762
1134	1426
1134	1428
1134	2015
1134	2106
1134	2134
1134	2135
1138	1925
1146	1187
1148	1154
1148	1158
1148	1159
1148	1160
1150	1161
1150	1162
1154	1951
1156	1961
1157	1924
1157	2087
1161	1875
1161	1992
1164	1167
1164	1168
1167	1396
1167	1983
1167	2000
1167	2001
1172	1701
1172	1876
1172	1997
1172	1998
1174	1983
1175	1175
1175	1177
1175	1178
1175	1179
1177	2143
1179	1864
1179	1971
1180	1675
1180	2070
1181	1181
1181	1182
1181	1183
1181	1184
1181	1185
1181	1186
1185	1185
1185	1186
1185	1349
1185	1519
1185	1520
1186	1522
1187	1187
1187	1325
1187	1327
1187	1328
1187	1329
1187	1407
1187	1479
1187	1480
1188	1188
1188	1189
1188	1190
1189	1191
1190	1192
1192	1971
1193	1453
1195	1644
1196	1196
1196	1639
1201	1775
1202	1775
1209	1776
1212	1212
1213	1213
1213	1214
1222	1222
1223	2165
1224	1227
1227	1227
1227	1504
1227	1829
1227	1830
1227	1831
1228	1228
1228	1229
1228	1230
1228	1231
1228	1232
1228	1233
1228	1234
1238	1238
1238	1441
1238	1442
1238	1443
1238	1444
1239	1767
1239	2085
1249	1249
1249	1439
1250	1801
1250	1802
1250	1803
1254	1256
1256	1256
1256	1440
1258	1457
1258	1775
1258	1801
1258	1968
1259	1259
1259	1260
1259	1261
1266	1266
1266	1689
1266	1690
1266	1691
1267	1268
1267	1810
1267	1811
1268	1269
1268	1271
1276	1277
1277	1277
1278	1540
1278	1541
1278	1542
1278	1543
1278	1544
1278	1545
1278	1546
1278	1547
1278	1548
1278	1549
1278	1550
1278	1551
1278	1552
1278	1553
1278	1554
1278	1555
1278	1556
1278	1562
1278	1603
1279	1279
1281	1306
1281	1775
1282	1775
1282	1802
1282	1955
1282	2054
1284	1284
1284	1285
1284	1286
1284	1287
1284	1288
1284	1289
1284	1290
1285	1285
1294	1294
1294	1374
1294	1375
1294	1376
1294	1377
1294	1378
1294	1379
1294	1380
1294	1381
1294	1382
1299	1362
1300	1462
1304	2083
1305	2084
1308	1869
1309	1309
1309	1310
1310	1311
1311	1311
1311	1522
1311	1616
1324	1351
1324	1353
1324	1355
1324	1598
1324	1601
1324	1626
1325	1325
1325	1326
1325	1327
1325	1328
1325	1329
1326	1327
1326	1328
1326	1330
1326	1331
1327	1328
1327	1329
1327	1340
1327	1341
1327	1342
1327	1343
1328	1328
1328	1329
1331	2223
1334	1334
1334	1528
1334	1704
1334	1705
1334	1706
1337	1979
1337	2052
1344	1347
1344	1348
1347	2019
1351	1612
1355	1612
1356	1612
1359	1359
1360	1360
1360	1466
1361	1361
1362	1958
1362	2017
1374	1374
1375	1382
1375	1383
1376	1378
1377	1377
1378	1380
1378	1383
1378	1755
1381	1383
1384	1384
1384	1385
1384	1386
1384	1387
1385	1801
1385	1968
1396	1965
1401	1401
1407	1407
1407	1424
1417	1417
1421	1715
1422	2212
1422	2213
1445	1445
1447	2201
1447	2202
1450	1466
1450	1755
1450	1864
1450	1965
1450	1966
1453	1457
1453	1840
1453	1971
1453	2012
1453	2013
1454	1457
1457	2012
1461	1462
1461	1613
1462	1462
1462	1635
1462	1764
1462	1765
1462	1766
1462	1767
1462	1768
1462	1769
1462	1770
1462	1771
1462	1772
1462	1773
1462	1774
1463	1971
1465	1465
1466	1466
1466	1930
1466	1931
1466	1932
1466	1933
1467	1467
1467	1468
1467	1469
1467	1470
1467	1471
1467	1472
1467	1473
1467	1474
1483	1694
1484	2016
1493	1493
1501	2174
1509	2014
1514	1518
1518	1714
1518	1768
1522	1954
1528	1528
1528	1703
1528	1704
1528	1705
1528	1706
1528	1707
1530	1530
1532	1533
1534	1534
1534	1535
1540	1558
1542	1559
1543	1560
1547	1563
1547	1564
1547	1565
1549	1559
1552	1559
1563	1567
1563	1568
1563	1633
1563	1634
1563	1761
1570	1570
1570	1571
1570	1572
1570	1573
1571	1571
1572	1957
1595	1595
1604	1612
1612	1612
1612	1677
1612	1678
1612	1679
1612	1680
1612	1681
1613	1613
1613	1733
1614	1614
1637	1637
1641	1651
1645	1687
1645	1688
1648	1840
1648	2166
1649	1748
1649	2126
1649	2183
1650	2077
1651	1701
1651	1926
1654	1876
1656	1656
1656	1657
1656	1665
1659	1659
1663	2002
1663	2018
1664	2053
1666	1666
1666	1667
1675	2069
1679	1679
1679	1680
1679	1681
1681	1681
1682	1686
1683	1686
1684	1686
1685	1686
1686	1686
1687	1687
1688	1688
1688	1714
1688	1715
1690	1690
1690	1691
1690	1693
1690	1694
1694	2180
1698	1698
1698	1699
1698	1795
1700	1700
1700	1926
1701	1707
1701	2031
1706	1709
1707	1764
1707	1864
1707	1865
1709	1915
1712	2162
1732	1998
1737	2052
1742	1742
1746	1843
1754	2193
1755	1964
1757	1757
1757	1758
1757	1759
1759	1759
1762	1763
1763	1763
1765	1981
1775	1981
1775	1984
1775	1985
1775	1986
1775	1987
1776	1776
1776	1777
1784	1786
1785	1786
1788	1788
1788	1791
1788	1792
1788	1793
1788	1794
1789	1790
1790	1790
1801	1967
1802	2075
1806	2053
1809	2055
1813	1813
1813	1814
1813	1816
1826	2044
1826	2045
1826	2046
1826	2047
1826	2048
1833	1833
1833	1834
1833	1835
1834	1836
1835	1836
1836	1836
1836	1907
1836	1908
1836	1909
1840	1876
1840	1979
1840	2020
1858	1858
1864	1910
1864	1929
1864	1971
1864	1979
1864	2025
1864	2026
1864	2029
1869	1869
1875	1875
1876	1998
1884	1884
1890	1890
1891	1891
1906	1906
1916	1916
1921	1922
1925	2196
1925	2197
1926	2095
1926	2096
1927	1927
1928	1928
1928	1929
1929	2086
1944	2084
1950	1951
1952	1952
1954	2130
1959	2185
1962	1990
1963	2203
1965	2042
1966	2222
1969	2066
1969	2067
1971	1973
1971	1979
1971	2025
1971	2026
1971	2027
1971	2028
1971	2029
1971	2030
1980	2178
1981	1982
1981	1983
1983	1988
1983	1989
1988	2001
1997	1998
1997	2073
2017	2032
2042	2123
2042	2132
2048	2141
2048	2142
2054	2144
2054	2146
2062	2063
2062	2064
2062	2065
2087	2088
2094	2215
2111	2191
2130	2164
2132	2176
2144	2145
2191	2219
2191	2220
