0	0
0	1
0	2
1	3
1	4
1	5
1	6
1	7
1	8
1	9
2	10
2	11
2	12
2	13
2	6
14	14
14	15
14	16
14	17
14	18
14	19
14	20
14	21
14	22
15	23
15	24
15	25
16	16
16	26
16	27
16	28
16	29
16	23
16	30
16	31
16	32
16	33
16	34
16	35
16	36
16	37
16	38
16	39
16	40
16	41
16	42
16	43
16	44
16	45
16	46
16	47
16	48
16	49
16	50
16	51
16	52
16	53
16	54
16	55
16	56
16	57
16	58
16	59
16	60
16	61
16	62
17	27
17	63
17	64
17	65
17	66
17	67
17	68
17	69
17	20
17	70
17	71
17	72
17	73
74	74
75	75
76	76
76	77
76	78
76	79
77	77
77	80
77	81
77	82
77	83
77	84
77	85
77	86
77	87
77	88
77	89
77	90
77	91
77	13
77	92
93	93
93	94
93	95
93	96
94	94
94	97
94	98
94	99
94	100
94	101
94	102
95	95
95	103
95	104
105	105
105	106
105	107
105	108
105	109
105	110
105	111
112	112
112	103
113	113
113	114
113	115
113	116
113	117
113	118
113	119
26	26
26	103
26	120
121	121
121	122
121	123
121	124
125	125
125	126
125	127
125	128
125	6
126	129
126	63
126	130
126	131
126	132
126	133
126	134
127	127
128	135
128	136
128	137
128	138
128	139
128	130
128	140
128	141
128	142
128	143
128	144
128	131
128	37
128	133
128	145
128	146
128	147
128	148
149	149
149	150
149	151
149	152
149	153
149	154
149	155
150	156
152	154
152	157
152	158
153	154
153	159
153	160
161	161
162	163
162	164
163	165
163	166
163	115
163	167
163	19
163	168
163	169
163	170
163	171
163	172
163	173
163	174
163	175
163	176
163	177
163	178
163	179
163	180
163	181
163	182
163	183
163	184
163	185
163	186
163	187
188	188
188	189
188	190
188	191
188	192
188	193
188	194
190	193
190	195
190	82
190	196
190	197
190	198
190	199
190	200
190	201
190	202
190	203
190	68
190	204
190	205
190	206
190	207
190	208
190	209
190	210
192	211
192	212
192	84
192	213
192	214
192	215
192	216
192	217
192	24
192	218
192	219
192	220
194	82
194	221
194	222
194	223
194	215
194	19
194	224
194	3
194	225
194	24
194	226
194	7
194	227
194	228
194	229
194	230
231	231
231	232
231	233
231	234
232	235
236	236
236	237
236	238
236	239
236	240
237	237
237	240
237	241
238	242
238	243
238	244
238	245
238	246
238	247
238	87
238	248
238	249
238	250
238	215
238	251
238	171
238	252
238	253
238	254
238	255
240	240
240	256
256	257
256	258
256	259
256	142
256	68
256	260
256	148
261	261
262	262
262	103
263	263
263	264
263	265
263	266
263	80
263	27
263	267
264	264
264	265
264	266
264	80
264	27
264	267
264	268
264	269
265	265
265	266
265	80
265	27
265	267
265	18
265	270
266	80
266	27
266	267
80	80
80	27
80	271
80	267
27	27
27	267
27	272
27	273
27	18
27	274
27	275
27	276
27	277
27	278
27	279
27	280
27	281
27	40
27	282
27	283
27	284
27	285
27	286
27	53
27	287
27	288
27	289
27	290
27	291
27	292
27	111
27	293
27	294
27	295
27	72
27	230
27	296
27	297
27	158
271	298
271	63
271	64
271	299
271	215
271	38
271	300
271	301
271	302
271	3
271	110
271	303
271	304
271	305
271	111
271	119
271	306
271	307
271	308
267	267
267	309
267	198
267	83
267	310
267	311
267	312
211	242
211	313
211	314
211	81
211	315
242	242
242	81
242	316
242	317
242	318
242	87
242	319
242	248
242	320
242	321
242	322
242	323
242	324
242	325
242	326
242	327
242	201
242	328
242	329
242	330
242	250
242	331
242	203
242	10
242	332
242	333
242	334
242	335
242	96
242	336
242	337
242	338
242	339
242	340
242	341
242	342
242	343
242	171
242	344
242	345
242	346
242	347
242	348
242	349
242	255
242	350
242	351
242	352
242	160
313	313
313	81
313	353
313	307
314	314
314	354
314	131
314	355
314	356
314	357
314	358
81	359
81	212
81	197
81	360
81	361
81	362
81	276
81	363
81	137
81	364
81	338
81	172
81	365
81	366
81	367
81	204
315	315
315	368
315	369
370	370
370	19
370	371
370	372
370	155
373	373
298	298
298	374
298	375
298	272
298	376
298	377
298	378
298	379
298	273
298	380
298	381
298	382
298	3
298	20
298	111
298	383
298	158
374	384
374	385
374	18
374	87
374	386
374	387
374	388
374	389
374	390
374	391
374	392
374	393
374	358
374	394
374	395
374	286
374	396
374	21
374	397
375	19
375	279
375	141
375	398
375	172
375	270
375	399
375	400
375	401
272	97
272	402
272	403
272	19
272	404
272	141
272	405
272	3
272	406
272	407
272	173
272	408
272	409
272	229
272	410
272	111
272	411
376	136
376	412
376	413
376	131
376	414
376	3
376	148
377	415
377	416
377	278
377	417
377	279
377	169
377	418
377	419
377	405
377	420
377	421
377	422
377	397
377	297
378	423
378	388
378	3
378	120
378	366
378	283
378	118
378	119
378	160
379	415
379	416
379	417
379	424
379	419
379	405
379	172
379	420
379	421
379	422
379	9
379	227
273	388
425	425
425	19
425	426
268	427
268	82
268	428
268	429
268	430
268	20
431	431
431	432
431	433
431	28
431	316
431	434
432	427
432	435
432	23
432	436
432	437
432	355
432	438
432	170
432	439
432	440
432	185
28	441
28	442
28	392
28	302
28	178
28	443
28	444
28	119
28	22
28	308
28	445
28	187
316	446
316	447
316	448
316	449
316	450
316	388
316	451
316	452
316	453
316	454
316	455
316	456
316	457
316	458
316	459
316	160
434	460
434	307
461	461
461	462
463	463
463	464
464	103
464	454
465	466
465	215
467	467
467	468
467	469
468	469
468	470
469	469
469	471
469	472
473	473
473	474
473	475
473	476
473	477
473	478
473	479
473	480
473	481
473	384
473	482
474	384
474	483
474	380
474	139
474	404
474	141
474	484
474	485
474	353
474	486
475	384
475	487
476	384
477	384
478	384
479	384
480	384
481	384
384	384
384	482
384	488
482	487
489	489
489	490
491	491
492	492
492	493
492	494
492	495
492	470
492	496
492	497
492	404
492	498
495	470
470	499
470	500
470	404
470	252
470	501
470	290
470	498
470	502
470	503
470	504
470	505
470	506
470	507
470	508
496	496
496	509
496	510
496	286
496	511
497	201
512	512
512	408
359	359
359	212
359	309
359	29
359	35
359	513
212	212
212	309
212	361
212	514
212	364
212	515
212	365
309	114
309	514
309	516
309	103
309	364
309	91
309	517
309	518
309	519
29	520
29	250
29	341
29	521
29	12
29	522
29	523
29	524
29	525
526	526
427	427
427	527
427	195
427	528
427	529
427	530
427	82
427	531
427	532
427	533
427	534
427	535
427	428
427	196
427	429
427	430
427	536
427	537
427	435
427	538
427	539
427	318
427	402
427	362
427	386
427	540
427	215
427	224
427	541
427	107
427	542
427	543
427	544
427	545
427	546
427	547
427	548
427	549
427	550
427	551
427	68
427	552
427	553
427	455
427	554
427	157
427	555
427	556
427	557
427	558
427	559
427	560
427	561
527	82
527	535
527	428
527	429
527	430
527	198
527	85
527	562
527	563
527	134
195	82
195	535
195	428
195	429
195	430
195	198
195	85
195	248
195	250
195	562
195	13
195	218
195	134
195	350
195	564
528	530
528	82
528	533
528	535
528	428
528	429
528	430
528	224
528	341
528	565
528	226
528	53
528	566
530	82
530	533
530	535
530	429
530	215
530	567
530	568
82	82
82	531
82	535
82	428
82	429
82	430
82	537
82	435
82	317
82	569
82	83
82	539
82	570
82	571
82	572
82	573
82	574
82	575
82	576
82	577
82	578
82	213
82	579
82	580
82	85
82	86
82	248
82	250
82	581
82	436
82	134
82	582
82	518
82	583
82	584
82	585
82	586
82	587
82	588
531	428
531	85
531	250
531	589
532	532
532	533
532	535
532	429
532	198
532	10
532	215
532	279
532	306
532	590
533	533
533	428
533	429
534	535
534	428
534	429
534	430
534	213
534	380
534	591
534	541
534	592
534	131
534	218
534	564
535	535
535	428
535	196
535	429
535	430
535	536
535	435
535	198
535	569
535	593
535	318
535	571
535	573
535	576
535	578
535	85
535	594
535	203
535	563
535	227
535	595
535	586
428	428
428	429
428	430
428	536
428	569
428	85
428	250
428	331
428	436
196	430
196	198
196	573
196	85
196	596
196	248
196	201
196	597
196	250
196	331
196	581
196	436
196	598
196	562
196	563
196	134
196	599
196	600
196	556
196	350
196	601
196	518
196	586
196	588
429	429
429	430
429	536
429	435
429	213
429	602
430	536
430	435
430	569
430	539
430	573
430	576
430	578
430	579
430	85
430	250
430	331
430	594
430	203
430	603
430	604
430	581
430	605
430	563
430	606
430	607
430	251
430	134
430	599
430	227
430	595
430	608
430	255
430	350
430	609
430	610
430	586
430	351
430	160
430	611
536	435
536	198
536	85
536	248
536	612
536	250
536	581
536	613
536	35
536	614
536	218
536	409
536	160
537	361
537	615
537	616
537	214
537	617
537	251
537	522
435	446
435	198
435	317
435	569
435	573
435	576
435	85
435	596
435	87
435	319
435	248
435	250
435	604
435	581
435	563
435	551
435	13
435	218
435	134
435	595
435	600
435	556
435	350
435	618
435	584
435	564
435	586
619	619
619	620
619	538
619	621
619	622
621	621
621	622
97	97
97	623
97	450
97	455
97	157
623	19
623	624
623	91
625	625
625	329
625	10
625	35
625	91
625	302
625	626
625	426
625	156
625	111
625	627
625	181
625	628
625	308
625	519
629	629
629	446
629	630
629	23
629	631
629	632
629	633
629	634
629	635
629	129
629	447
629	636
629	637
629	638
629	639
629	640
629	641
446	23
446	634
446	635
446	129
446	447
446	642
446	569
446	243
446	643
446	644
446	645
446	166
446	646
446	320
446	647
446	648
446	649
446	650
446	321
446	403
446	651
446	652
446	653
446	654
446	581
446	655
446	142
446	656
446	108
446	109
446	344
446	657
446	658
446	659
446	660
446	661
446	662
446	255
446	663
446	664
446	665
446	666
446	667
446	668
446	440
446	669
446	230
446	670
446	671
446	672
446	673
446	674
446	675
446	676
630	129
630	32
630	581
630	677
630	617
630	678
630	658
630	679
630	351
630	680
23	23
23	631
23	634
23	635
23	129
23	639
23	569
23	361
23	681
23	682
23	323
23	683
23	684
23	685
23	686
23	641
23	398
23	687
23	42
23	44
23	688
23	689
23	690
23	691
23	692
631	631
631	633
631	634
631	635
631	129
631	637
631	639
631	361
631	615
631	693
631	694
631	695
631	696
631	683
631	697
631	684
631	685
631	686
631	698
631	688
632	617
632	699
632	220
633	634
633	129
633	700
633	701
633	702
633	684
633	703
633	688
634	634
634	129
634	447
634	636
634	637
634	638
634	639
634	640
634	361
634	615
634	704
634	705
634	695
634	706
634	697
634	684
634	685
634	686
634	641
634	392
634	551
634	617
634	365
634	707
634	688
634	708
634	709
634	710
634	711
634	658
634	659
634	712
634	713
634	220
634	69
635	129
635	684
635	641
635	707
635	688
129	129
129	639
129	640
129	694
129	695
129	115
129	696
129	683
129	684
129	685
129	686
129	641
447	643
447	644
447	135
447	166
447	276
447	403
447	714
447	581
447	656
447	101
447	667
447	715
636	704
636	617
636	699
637	637
637	700
637	693
637	716
637	717
637	705
637	718
637	697
637	719
637	687
637	720
637	703
637	688
638	721
638	617
638	699
639	697
639	684
639	641
639	698
639	688
640	642
640	722
640	615
640	723
640	214
640	724
640	725
640	617
640	678
640	220
640	351
640	352
642	642
642	197
642	360
642	198
642	317
642	569
642	83
642	539
642	361
642	593
642	84
642	323
642	214
642	581
642	726
642	96
642	727
642	38
642	220
642	728
642	729
642	730
642	610
197	197
197	360
197	317
197	318
197	322
197	323
197	324
197	325
197	326
197	327
197	201
197	66
197	597
197	328
197	329
197	330
197	581
197	332
197	731
197	334
197	335
197	96
197	337
197	338
197	732
197	733
197	339
197	734
197	340
360	198
360	245
360	248
360	328
360	250
360	726
360	96
360	735
360	171
198	198
198	569
198	539
198	593
198	318
198	573
198	578
198	85
198	248
198	201
198	250
198	331
198	203
198	214
198	736
198	540
198	334
198	562
198	563
198	607
198	551
198	134
198	556
198	351
198	737
317	84
317	362
317	520
317	323
317	328
317	250
317	726
317	96
317	727
317	563
317	171
317	358
317	254
317	255
317	350
317	611
317	738
569	571
569	85
569	248
569	250
569	380
569	581
569	726
569	562
569	727
569	563
569	134
569	229
569	119
569	351
83	84
83	86
83	520
83	87
83	88
83	131
83	91
83	13
83	92
83	145
83	409
83	525
539	84
539	248
539	250
539	214
539	581
539	224
539	562
539	358
539	134
539	556
539	255
539	350
539	610
361	361
361	722
361	615
361	739
361	740
361	741
361	248
361	115
361	328
361	581
361	742
361	724
361	706
361	341
361	743
361	725
361	617
361	678
361	744
361	220
361	556
361	255
361	351
361	352
361	669
593	403
593	323
593	612
593	328
593	214
593	581
593	563
593	523
593	350
593	518
593	610
593	351
84	84
84	741
84	520
84	591
84	13
84	678
84	218
84	745
84	20
84	351
84	352
257	257
570	570
570	746
570	747
570	748
570	749
570	172
746	172
747	747
747	750
747	751
747	752
747	753
747	509
747	67
747	131
747	754
747	755
747	756
747	757
747	758
747	759
747	760
747	761
747	762
747	8
747	763
748	764
749	172
765	765
765	766
765	385
765	767
765	165
765	30
765	768
765	769
765	770
765	771
765	772
765	286
765	773
765	774
765	775
766	385
766	165
385	385
385	767
385	165
385	776
385	441
385	777
385	778
385	772
385	764
385	306
767	165
165	165
165	217
165	779
165	780
165	781
165	513
30	441
30	63
30	85
30	64
30	65
30	66
30	328
30	68
30	51
30	70
30	444
30	782
30	783
30	72
30	73
30	784
768	136
768	201
768	785
768	786
768	130
768	589
768	562
768	388
768	721
768	131
768	355
768	172
768	787
768	557
768	306
768	788
768	789
768	715
114	114
114	790
114	85
114	596
114	791
114	225
114	252
114	792
114	793
114	53
114	794
114	795
114	796
114	797
114	798
114	799
114	800
114	801
790	802
790	472
790	803
790	804
790	805
471	806
471	391
471	108
471	807
808	808
808	809
808	810
808	811
808	812
808	813
808	814
808	815
808	254
808	206
808	816
808	817
808	818
809	809
809	810
809	811
809	819
809	820
809	821
809	822
809	823
809	709
809	824
809	157
809	518
809	817
809	825
809	826
810	827
810	53
811	828
829	829
829	18
829	830
829	722
829	831
829	832
829	833
829	834
829	835
18	831
18	836
18	390
18	40
18	41
18	837
18	179
18	838
18	839
830	722
830	831
830	840
830	841
830	842
830	843
830	235
830	844
830	845
830	692
830	846
830	847
830	848
722	831
722	245
722	813
722	849
722	837
722	206
722	850
831	103
831	851
831	337
831	460
831	852
615	615
615	739
615	853
615	740
615	318
615	442
615	581
615	724
615	436
615	702
615	854
615	725
615	855
615	251
615	44
615	252
615	856
615	220
615	396
615	857
615	58
615	858
615	456
615	859
615	180
615	860
615	783
615	119
615	308
615	351
615	160
615	185
739	861
853	450
853	614
853	109
853	24
853	148
740	248
740	862
740	863
740	864
740	214
740	224
740	617
318	323
318	328
318	214
318	581
318	215
318	96
318	734
318	341
318	613
318	521
318	614
318	563
318	24
318	344
318	789
769	769
769	865
769	866
867	867
867	32
776	392
776	868
776	20
441	441
441	777
441	402
441	869
441	870
441	871
441	872
441	873
441	874
441	681
441	115
441	875
441	19
441	876
441	279
441	877
441	613
441	78
441	89
441	878
441	879
441	880
441	170
441	881
441	882
441	771
441	50
441	110
441	61
441	815
441	883
441	884
441	885
441	886
441	774
441	887
441	888
441	889
441	890
441	891
441	892
441	893
441	860
441	894
441	895
441	665
441	896
441	897
441	898
441	838
441	899
441	900
441	901
441	902
441	306
441	524
441	184
441	903
441	25
441	738
777	870
777	871
777	872
777	873
777	874
777	115
777	875
777	877
777	613
777	300
777	282
777	20
777	53
777	290
777	409
777	883
777	661
777	904
777	905
777	440
777	906
777	907
777	525
908	908
908	243
908	909
908	704
243	243
243	704
243	319
243	248
243	806
243	651
243	910
243	911
243	652
243	912
243	913
243	462
243	452
243	914
243	915
243	916
243	917
243	918
243	919
243	920
243	147
243	254
243	921
909	246
909	922
909	403
909	923
909	786
909	602
909	404
909	173
909	9
909	20
909	396
909	294
909	295
704	704
704	924
704	87
704	248
704	651
704	910
704	911
704	652
704	925
704	914
704	926
704	915
704	916
704	917
704	918
274	274
274	927
928	928
928	929
928	930
928	931
928	499
928	275
928	932
928	31
928	933
928	222
928	934
928	935
929	929
929	933
929	936
929	937
930	249
930	938
930	412
930	543
930	341
931	931
931	222
931	144
931	937
931	939
499	596
499	720
499	940
499	252
499	793
275	941
932	937
31	31
31	942
933	933
643	643
643	943
643	944
643	388
643	945
643	556
643	946
643	947
643	160
63	63
63	199
63	948
63	949
63	221
63	950
63	951
63	644
63	952
63	953
63	741
63	402
63	954
63	215
63	37
63	50
63	815
63	837
63	955
63	956
199	518
199	957
948	246
948	215
948	521
948	617
948	793
948	849
949	958
221	221
221	950
221	951
221	644
221	953
221	923
221	959
221	960
221	961
221	962
221	963
221	964
221	965
221	966
221	967
221	968
221	969
221	879
221	970
221	971
221	452
221	972
221	973
221	974
221	51
221	975
221	976
221	286
221	292
221	156
221	977
221	978
950	953
950	19
950	974
950	51
950	975
950	292
950	979
950	156
950	978
951	951
951	953
951	166
951	879
951	980
644	644
644	953
644	981
644	982
644	166
644	983
644	984
953	953
953	985
953	986
953	974
953	987
953	988
953	975
953	156
953	989
953	383
953	990
741	520
741	991
741	247
741	386
741	992
741	993
741	994
741	415
741	96
741	388
741	807
741	220
741	228
402	402
402	995
402	996
402	997
402	998
402	840
402	861
402	999
402	1000
402	1001
402	1002
402	1003
402	119
402	1004
402	308
402	513
402	524
402	185
402	187
954	245
954	248
954	403
954	581
954	436
954	602
954	778
954	132
954	251
954	44
954	146
954	350
954	1005
954	160
1006	1006
571	571
571	573
571	250
571	594
571	134
572	85
572	436
573	85
573	596
573	250
573	581
573	436
573	562
573	563
573	522
573	1007
573	119
573	350
573	586
573	1008
573	1009
573	1010
575	250
575	436
575	35
575	350
575	160
576	248
576	250
576	134
576	518
577	577
577	1011
577	1012
577	413
578	250
578	581
578	134
578	556
213	213
213	541
213	592
213	13
213	218
579	85
579	248
580	1013
580	13
85	85
85	362
85	596
85	248
85	597
85	250
85	331
85	594
85	203
85	581
85	562
85	727
85	605
85	563
85	606
85	840
85	484
85	134
85	599
85	1014
85	1015
85	1016
85	1017
85	1018
85	1019
85	1020
85	235
85	1021
85	1022
85	844
85	1023
85	1024
85	1025
85	350
85	584
85	160
86	86
86	520
86	87
86	1026
86	724
86	88
86	655
86	89
86	91
86	1027
86	24
86	1028
86	92
86	525
700	700
700	693
700	1029
700	1030
700	1031
700	1032
700	1033
700	716
700	1034
700	694
700	1035
700	64
700	717
700	1036
700	362
700	1037
700	1038
700	1039
700	687
693	693
693	717
693	705
693	697
693	719
693	703
693	688
1029	717
1029	69
1030	716
1030	1035
1030	64
1030	697
1031	717
1031	362
1031	687
1032	1032
1033	716
1033	717
1033	687
1033	69
1033	1040
716	716
716	694
716	1035
716	717
716	1036
716	362
716	1041
716	705
716	687
716	688
716	69
1034	687
694	717
694	362
694	1042
694	701
694	277
694	1043
694	702
694	697
694	727
694	719
694	687
694	707
694	703
694	688
694	69
1035	64
1035	717
1035	1036
1035	697
1035	687
1035	688
1035	69
64	64
64	717
64	362
64	200
64	705
64	697
64	688
64	69
717	362
717	1037
717	1038
717	1044
717	1045
717	69
1036	697
1036	69
362	362
362	520
362	581
362	706
362	450
362	96
362	697
362	614
362	1046
362	1047
362	687
362	69
1037	697
1037	687
1037	69
1038	687
1038	69
520	520
520	1048
520	1049
520	244
520	924
520	200
520	245
520	1050
520	246
520	1051
520	1052
520	813
520	254
1048	87
1048	406
1049	1053
244	244
244	246
244	87
244	319
244	248
244	1054
244	1055
244	387
244	437
244	925
244	551
244	310
244	1040
924	247
924	806
924	224
924	130
924	418
924	390
924	144
924	391
924	392
924	108
924	358
924	807
924	1056
924	764
200	200
200	403
200	851
200	1057
200	424
200	1058
200	280
200	1059
200	1060
200	878
200	805
200	1061
245	245
245	319
245	1062
245	997
245	456
245	1063
245	1064
1050	283
246	246
246	87
246	319
246	248
246	750
246	1054
246	1055
246	1065
246	355
1052	734
1052	117
1052	20
1052	229
813	813
813	596
813	115
813	328
813	103
813	925
813	589
813	836
813	562
813	1066
813	678
813	172
813	3
813	358
813	24
813	919
813	744
813	9
813	20
813	1067
813	661
813	1068
813	439
813	119
813	308
813	1069
813	296
813	1070
299	299
299	65
299	1071
299	1072
299	1073
299	1074
299	596
299	723
299	645
299	1075
299	991
299	654
299	1076
65	65
65	1071
65	1072
65	1073
65	1074
65	723
65	645
65	1075
65	991
65	1077
65	654
65	726
65	1076
65	50
65	815
1071	1071
1071	1072
1071	1074
1071	596
1071	723
1071	645
1071	1075
1071	991
1071	1078
1071	654
1071	726
1071	1076
1072	1072
1072	1073
1072	1074
1072	596
1072	723
1072	645
1072	1075
1072	991
1072	1079
1072	1078
1072	654
1072	726
1072	1076
1073	1074
1073	723
1073	645
1073	1075
1073	654
1073	726
1073	1076
1073	1080
1074	1074
1074	596
1074	723
1074	645
1074	1075
1074	991
1074	654
1074	726
1074	1081
1074	1076
1074	1080
596	723
596	645
596	1075
596	594
596	654
596	1026
596	724
596	726
596	986
596	35
596	1082
596	606
596	1076
596	1080
596	720
596	711
596	595
596	1083
596	510
596	455
596	690
596	501
596	1084
596	728
596	814
596	1085
596	1086
596	1017
596	1087
596	1088
596	1089
723	723
723	645
723	1075
723	991
723	1078
723	654
723	1076
723	1090
645	645
645	1075
645	991
645	1078
645	654
645	726
645	1081
645	1091
645	1076
1075	1075
1075	991
1075	726
1075	1076
1075	1080
991	991
991	1053
991	1078
991	258
991	354
991	654
991	726
991	509
991	551
991	1092
1079	248
922	922
922	1093
922	1094
922	1095
922	786
922	1096
922	366
247	247
247	87
247	1097
247	319
247	248
247	135
247	806
247	718
87	87
87	319
87	248
87	1098
87	448
87	869
87	1099
87	381
87	171
87	254
1097	363
1097	19
1097	224
1097	1100
1097	551
1097	1101
1097	226
1097	439
1097	352
319	248
319	249
319	35
319	251
319	171
319	44
319	253
319	1102
319	254
319	255
319	1103
248	1099
248	1078
248	249
248	750
248	201
248	250
248	540
248	215
248	224
248	338
248	1104
248	547
248	551
248	68
248	251
248	171
248	1105
248	365
248	252
248	310
248	253
248	134
248	689
248	690
248	600
248	204
248	1106
248	254
248	1107
248	850
248	444
248	255
248	1108
248	1109
248	440
248	1110
248	1111
248	1112
248	1113
135	135
135	806
135	224
135	1114
135	391
135	392
135	807
806	806
806	19
806	224
806	1115
806	130
806	912
806	1116
806	913
806	1117
806	1118
806	1114
806	1119
806	1120
806	391
806	392
806	807
448	1121
869	91
869	13
869	92
869	525
1053	1053
1053	1078
1053	258
1053	249
1078	1078
1078	258
249	249
249	1122
249	1123
249	1105
249	1124
249	1125
249	1126
423	423
423	1077
423	827
423	1127
870	874
870	293
871	874
871	875
871	1128
871	613
871	302
871	1129
872	874
872	201
872	875
872	1129
873	874
874	874
874	1130
874	613
874	881
1131	1131
1132	1132
681	681
681	682
681	35
681	69
681	396
681	119
681	1133
681	308
681	445
681	1134
681	1135
681	1136
681	187
682	68
682	658
682	69
682	1137
682	295
682	445
682	1134
682	587
682	185
1138	1139
1138	1140
1138	1141
1140	250
386	386
386	981
386	1142
386	982
386	166
386	718
386	958
386	91
386	178
386	454
386	1143
386	1144
386	456
386	305
386	119
386	1145
386	1146
386	1147
386	308
386	1134
386	1148
386	519
386	903
981	166
1142	521
1142	617
1142	1056
1142	523
982	166
166	166
166	332
166	1149
166	983
166	984
166	1150
166	1151
166	1152
166	1153
646	646
646	1154
646	320
646	1155
646	647
646	1156
646	1157
646	648
646	649
646	650
646	321
646	344
320	320
320	1155
320	647
320	1156
320	648
320	649
320	650
320	321
320	1158
320	1159
320	1120
320	344
1155	648
1155	321
1155	344
647	648
647	321
647	344
1156	648
1156	321
1156	355
1156	344
1156	587
1157	648
1157	321
1157	344
648	648
648	649
648	650
648	321
648	1158
648	322
648	334
648	355
648	344
649	321
649	355
649	344
650	321
650	1120
650	344
514	514
514	387
862	862
862	1062
862	106
862	1160
862	1161
862	1162
862	863
1062	1062
1062	106
1062	1160
1062	217
1062	1163
1062	1164
1062	1165
1062	1166
106	1160
106	279
106	1167
106	855
106	217
106	1163
106	840
106	109
106	1164
106	1015
106	1168
106	555
106	409
106	1169
106	775
106	230
1160	279
1160	424
1160	217
1160	109
1160	407
1160	1003
1160	1170
1160	775
1160	1166
1160	1171
1160	1172
1162	958
1162	1173
1162	306
1162	1174
863	863
863	1175
863	864
863	224
863	20
32	32
32	1176
32	1094
32	1177
32	201
32	215
32	1108
32	1005
32	1178
1176	286
1176	1179
1176	1180
1094	1094
1094	655
1094	148
750	750
750	1054
750	1055
750	1065
750	1181
705	705
705	1044
705	695
705	1045
705	115
705	1182
705	696
705	697
705	719
705	688
1044	98
1044	697
1044	719
1044	707
1044	703
1044	688
1044	69
695	697
695	687
695	617
695	707
695	688
1045	719
1045	707
1045	688
115	335
115	168
115	719
115	1183
115	407
115	688
115	803
115	849
115	510
115	1184
115	1185
115	1186
1182	697
1182	719
1182	687
1182	707
1182	703
1182	688
696	701
696	697
696	684
696	727
696	719
696	687
696	707
696	688
696	587
442	442
442	1187
442	1188
442	354
442	562
442	521
442	557
442	308
442	184
1187	1187
1187	354
1187	168
1187	678
1187	787
1187	557
1187	1189
1187	1190
1187	1191
1187	525
1188	329
1188	118
1188	557
1188	628
354	154
354	992
354	138
354	923
354	131
354	391
354	68
770	770
770	368
770	436
770	541
770	35
770	382
770	409
770	156
770	229
770	1192
770	255
770	119
770	308
770	297
770	187
368	602
1193	1193
1193	1194
1193	1195
1193	1196
1193	1197
1193	1198
1193	35
1193	563
1194	35
1195	35
1196	35
321	321
321	1158
321	1159
321	1199
321	355
321	344
1158	1199
1158	344
1200	1200
1200	1201
1200	1202
1200	276
1201	215
1201	390
1201	555
1201	979
1201	1127
1201	775
1201	1203
1202	1204
276	276
276	1205
276	877
276	413
276	390
276	1206
276	1066
276	1207
276	460
276	392
276	3
276	1208
276	1015
276	286
276	1209
222	222
222	363
222	223
363	363
363	19
363	224
363	1210
363	913
363	1211
363	392
363	1100
363	551
363	1212
363	1213
363	1214
363	1101
363	1215
363	1216
363	1217
363	1218
363	1219
363	1220
363	226
363	1192
363	763
223	223
223	19
223	225
223	1212
223	1213
223	1214
223	1221
223	1222
223	1223
223	226
223	227
223	306
1175	864
1175	224
1224	1224
1224	103
1224	589
136	136
136	1225
136	995
136	403
136	616
1225	1225
1225	1226
995	380
995	139
995	215
995	943
995	589
995	836
995	404
995	141
995	131
995	3
995	24
995	406
995	787
995	803
995	173
995	147
403	403
403	1227
403	436
403	215
403	1228
403	279
403	735
403	1229
403	607
403	878
403	960
403	962
403	963
403	879
403	971
403	39
403	1230
403	1231
403	1232
403	438
403	1233
403	1234
403	1061
403	1189
403	1235
616	439
322	322
322	651
322	910
322	911
322	323
322	96
322	341
322	344
651	917
651	918
651	179
910	918
1236	1236
449	449
449	1237
449	1238
449	1239
449	437
449	35
449	958
449	525
1237	437
1237	614
1237	1240
1239	1096
1241	1241
1242	1242
1242	1243
1242	1244
1242	1245
1242	1246
1242	1247
1242	1248
323	323
323	137
323	324
323	1249
323	325
323	326
323	612
323	327
323	1227
323	201
323	66
323	597
323	328
323	1130
323	329
323	1250
323	202
323	330
323	589
323	96
323	35
323	91
323	300
323	523
323	518
323	1251
137	137
137	612
137	437
137	523
324	96
324	21
1249	96
325	96
326	328
326	96
326	13
326	171
612	612
612	1227
612	1250
612	581
612	540
612	1252
612	35
612	300
612	523
612	346
612	347
612	558
612	1253
327	96
201	201
201	66
201	328
201	581
201	215
201	1254
201	96
201	338
201	1255
201	1256
201	171
201	679
201	350
201	518
201	610
201	351
201	160
201	611
66	96
66	50
66	600
66	815
66	955
66	903
597	328
597	334
597	96
597	343
597	171
597	1257
328	328
328	330
328	203
328	332
328	731
328	333
328	334
328	335
328	96
328	1258
328	336
328	337
328	168
328	565
328	1259
328	50
328	842
328	286
328	558
328	955
328	255
328	561
328	1260
328	1261
328	1262
1130	923
1130	215
1130	1263
1130	836
1130	404
1130	141
1130	355
1130	778
1130	398
1130	856
1130	9
329	96
329	554
329	1264
329	1265
1250	35
1250	523
330	96
1266	1266
992	1267
992	652
992	1268
992	138
992	1269
992	653
992	44
1267	138
652	138
138	138
138	1269
138	653
138	751
138	1270
138	44
1269	1271
1269	44
653	581
653	44
653	759
653	763
250	250
250	331
250	594
250	203
250	603
250	604
250	214
250	736
250	581
250	731
250	541
250	562
250	1082
250	605
250	548
250	563
250	606
250	1272
250	134
250	1273
250	691
250	583
250	584
250	586
250	160
331	581
331	727
331	563
331	406
331	134
331	556
331	351
594	562
594	35
594	134
594	586
203	563
203	68
1274	1274
1274	103
1274	91
1274	627
1274	1275
1274	1276
923	923
923	1277
923	1278
923	308
483	483
483	1279
483	1280
483	1122
483	96
483	1281
1122	1122
1122	1281
1122	78
1122	1076
1122	1282
1122	1283
1122	1284
1122	1285
1122	1286
1122	1287
1122	1288
993	993
993	1289
993	380
993	1290
993	1291
380	380
380	1290
380	1291
380	603
380	604
1290	420
1291	1292
603	563
603	438
603	134
603	518
604	254
604	610
751	655
751	752
751	1293
751	1294
1270	436
1270	391
1270	44
1270	763
10	10
10	968
10	4
10	1295
10	1296
10	689
10	1168
10	837
10	886
10	1297
10	206
10	795
10	1298
1299	1299
1300	1300
1300	1301
1300	1302
1300	1303
1300	1304
1300	1305
1300	1306
1301	1301
1304	626
1304	73
1306	849
941	941
941	724
1307	1307
654	1308
654	1309
654	1310
654	726
654	1076
1308	563
516	516
516	996
516	938
516	714
516	1311
516	718
516	934
516	38
516	1312
516	1313
516	1314
516	1315
516	1316
516	1317
516	1318
516	1319
516	1320
516	1321
516	1322
516	308
516	1323
938	938
938	714
938	1324
938	1325
714	714
1326	1326
1327	1327
1327	1328
1328	1095
1328	1329
1328	308
139	139
139	1330
139	1331
139	1332
1330	19
1330	415
1330	416
1330	417
1330	279
1330	424
1330	419
1330	405
1330	420
1330	421
1330	422
1330	111
1330	397
1331	404
1333	1333
1333	1334
214	736
214	581
214	742
214	589
214	587
736	581
736	562
736	727
736	134
736	518
736	610
581	540
581	598
581	224
581	334
581	96
581	338
581	1335
581	725
581	547
581	550
581	68
581	1259
581	1027
581	720
581	600
581	204
581	558
581	1336
581	561
581	1337
581	601
581	1338
581	1005
581	1339
581	1340
581	1341
581	1342
581	1343
742	701
742	613
742	521
742	1344
742	614
742	220
1345	1345
1345	936
1345	1346
1345	1026
1345	724
1345	1095
1345	1347
1345	1348
1345	1349
1345	1199
936	1263
936	130
936	144
936	778
936	803
936	146
936	148
1346	724
1346	1095
1346	1347
1346	1348
1346	19
1346	460
1346	69
1346	111
1346	119
1346	72
1346	1350
1346	524
1346	1351
1026	724
1026	1095
1026	1347
1026	1348
1026	1199
1026	699
1026	220
1026	254
724	1095
724	1348
724	1349
724	725
724	254
724	834
1095	1095
1095	1347
1095	1348
1095	1349
1095	1352
1095	1353
1095	1199
1095	35
1095	1354
1095	972
1095	41
1095	787
1095	282
1095	176
1095	1014
1095	1314
1095	59
1095	60
1095	62
1095	885
1095	889
1095	1355
1095	1356
1095	254
1095	1357
1095	1358
1095	1359
1347	1348
1347	1349
1347	1360
1347	1199
1347	880
1347	281
1347	176
1347	291
1347	58
1347	1361
1347	1362
1347	1363
1347	254
1348	1348
1348	1349
1348	1199
1348	365
1348	353
1349	1199
1349	919
1349	254
1042	1042
1042	1364
1042	701
1042	1365
1042	332
1042	103
1042	277
1042	1366
1364	701
1364	277
1364	702
1364	67
1364	727
1364	719
1364	687
1364	688
1364	1367
1364	1368
701	701
701	103
701	277
701	1369
701	107
701	1370
701	697
701	341
701	1371
701	1372
701	1373
701	36
701	1374
701	1375
701	1376
701	1377
701	719
701	1378
701	687
701	707
701	688
1365	727
1365	687
332	96
332	727
332	171
103	277
103	1379
103	1380
103	934
103	1043
103	702
103	697
103	1381
103	997
103	38
103	719
103	1378
103	687
103	1313
103	365
103	707
103	703
103	688
103	793
103	510
103	455
103	157
103	1264
103	1315
103	828
103	1179
103	1316
103	1382
103	1383
103	833
103	834
103	1384
103	1318
103	1385
103	1386
103	1387
103	1388
103	1389
103	1390
103	1391
103	1392
103	1336
103	207
277	277
277	1043
277	702
277	1393
277	697
277	727
277	719
277	1378
277	687
277	703
277	688
277	774
785	785
785	141
785	172
785	3
785	407
785	787
1353	787
1394	1394
1395	1395
1396	1396
1311	1311
1311	1397
1311	1398
1311	1399
1311	1400
1311	1401
1311	99
1311	1402
1311	1403
1311	1404
1311	1405
1311	185
1397	1397
1397	524
1398	1405
1398	1406
1398	564
1398	789
1399	1401
1399	859
786	786
1407	1407
1408	1408
875	875
1409	1409
1409	840
1409	1410
1409	884
1409	1411
1409	1412
1413	1413
1292	1292
1414	1414
1415	1415
1416	1416
387	387
387	1417
387	1418
387	1419
1420	1420
1421	1421
1422	1422
436	1423
436	167
436	1360
436	602
436	450
436	725
436	1259
436	42
436	792
436	710
436	53
436	1424
436	1184
436	1425
436	1426
436	1427
436	1019
436	1428
436	1429
436	567
436	1430
436	1431
167	54
88	88
88	994
88	1432
88	215
88	415
88	1433
88	350
994	994
994	1432
994	415
994	1018
994	1434
1432	415
726	726
726	540
726	706
726	598
726	96
726	617
540	562
540	388
540	563
540	251
540	255
540	350
540	518
540	351
540	352
540	1435
540	160
706	727
706	522
598	96
598	734
1011	413
1012	413
215	1360
215	1436
215	1437
215	1438
215	437
215	1439
215	1440
215	1441
215	1442
215	1443
215	1444
215	1445
215	1446
215	1447
215	1448
215	1449
215	19
215	1450
215	1451
215	35
215	144
215	551
215	438
215	226
215	254
215	668
215	1358
215	1452
215	308
215	585
215	1453
215	160
215	1454
1360	355
1360	292
1360	788
1360	715
1436	341
437	415
437	224
437	551
437	452
437	310
437	558
437	1455
437	181
1439	1439
1439	1199
1439	734
1439	1456
1439	178
1440	229
1442	108
1442	807
1449	1449
1449	217
1449	24
19	19
19	876
19	1210
19	1380
19	1254
19	1457
19	1100
19	855
19	1458
19	1459
19	281
19	840
19	108
19	225
19	1212
19	1213
19	1214
19	1221
19	1223
19	1101
19	1215
19	1216
19	1218
19	1460
19	226
19	455
19	824
19	289
19	290
19	1461
19	1314
19	1462
19	1463
19	1018
19	843
19	1464
19	371
19	1465
19	1466
19	794
19	1467
19	1468
19	396
19	204
19	1469
19	555
19	1470
19	296
1451	219
1451	1106
1263	1263
1263	876
1263	1471
1263	155
876	1197
876	107
876	1198
876	702
876	141
876	20
1471	563
1471	172
1471	283
1472	1472
1473	1473
1271	1271
1271	1474
1271	400
1252	1252
1252	1475
1252	1476
1252	1477
1252	1478
1252	589
1477	35
1477	658
1477	117
1477	396
1477	308
1477	525
1477	187
1479	1479
1479	718
718	356
718	610
1379	1379
1379	907
415	415
415	416
415	278
415	417
415	1228
415	279
415	1205
415	397
416	416
416	278
416	417
416	1228
416	279
416	1205
416	1254
416	1096
416	424
416	963
416	966
416	419
416	405
416	882
416	40
416	420
416	422
416	20
416	297
416	587
278	278
278	417
278	279
278	1254
278	959
278	963
278	964
278	419
278	405
278	172
278	420
278	421
278	1480
278	422
278	9
278	292
278	306
278	397
278	400
278	587
278	1481
417	417
417	1228
417	279
417	1205
417	1254
417	107
417	877
417	424
417	419
417	405
417	882
417	40
417	420
417	1482
417	421
417	422
417	229
417	111
417	397
417	295
417	628
417	73
1228	279
1228	418
1228	420
1228	422
1228	173
1228	9
1228	397
1228	184
279	1205
279	424
279	170
279	419
279	405
279	172
279	3
279	972
279	882
279	1483
279	40
279	420
279	421
279	422
279	9
279	1329
279	157
279	1484
279	886
279	774
279	661
279	206
279	1485
279	111
279	397
279	295
279	628
279	1486
279	1166
279	524
279	184
1205	424
1205	419
1205	405
1205	420
1205	421
1205	422
1205	1487
1205	397
224	1115
224	130
224	1488
224	602
224	925
224	1210
224	1489
224	144
224	438
224	679
224	1143
224	305
224	1147
224	1069
224	352
224	1134
224	921
224	525
1115	108
130	130
130	418
130	392
130	108
130	807
130	1490
1488	392
1488	807
1488	1491
602	602
602	1489
602	735
602	1492
602	1493
602	1494
602	1495
602	1247
602	551
602	1496
602	69
602	857
602	426
602	229
602	1497
602	818
925	1210
925	108
925	1015
925	1498
1210	1100
1210	551
1210	1101
1210	352
1489	418
1489	551
1489	557
1499	1499
1499	958
1499	584
1500	1500
1380	1380
1380	958
1380	91
1380	145
1380	1501
1380	518
1380	676
1502	1502
1503	1503
1503	1504
1503	1505
1503	1506
1503	1507
1503	1508
1503	1509
1503	1510
1509	179
450	450
450	1511
450	1512
450	1513
450	1514
450	35
450	958
450	111
450	295
450	440
450	186
943	943
943	944
1199	1199
1199	1515
1199	1516
912	392
913	413
913	390
913	391
913	392
913	807
1114	391
1114	392
1114	807
1114	868
1119	392
589	589
589	1254
589	1517
589	404
589	451
589	452
589	1518
589	40
589	1519
589	41
589	176
589	347
589	1083
589	290
589	59
589	60
589	828
589	885
589	1520
589	100
589	101
589	1521
589	887
589	888
589	889
589	852
589	1355
589	1522
589	102
589	1356
589	1523
589	1524
589	979
1254	404
1254	424
1254	960
1254	300
1254	419
1254	405
1254	172
1254	24
1254	420
1254	421
1254	422
1254	787
1254	396
1254	306
500	500
98	98
98	836
98	851
98	1525
98	624
98	301
98	302
98	420
98	111
98	119
98	586
98	622
836	836
836	851
836	1525
836	396
851	805
851	396
851	1251
1526	1526
1526	1527
1528	1528
591	591
591	1529
1529	175
1529	176
731	96
731	518
333	96
333	168
333	171
334	96
334	727
334	563
334	301
334	171
334	344
334	518
334	610
335	96
335	68
335	301
335	171
335	1018
335	1530
335	1531
96	96
96	336
96	337
96	168
96	338
96	339
96	734
96	340
96	1532
96	1123
96	959
96	962
96	971
96	343
96	452
96	251
96	301
96	1533
96	1534
96	302
96	1535
96	1536
96	171
96	1537
337	438
337	171
337	626
168	1167
168	1013
168	37
168	551
168	171
168	43
168	1484
168	691
168	828
168	1538
168	1539
338	849
1256	142
1256	793
1256	9
1256	394
1256	804
541	541
541	592
541	69
541	119
541	518
541	585
541	1540
541	669
592	592
592	559
732	171
339	25
734	1541
340	171
934	934
934	1324
934	1197
934	396
1096	1096
1096	1542
1096	381
1096	131
1096	677
1096	1240
1096	1543
1096	1544
1096	177
1096	1014
1096	1273
1096	396
1096	1425
1096	1355
1096	1297
1096	206
1096	1545
1096	1546
1096	1547
381	1240
381	849
381	1548
381	1549
381	1550
381	1551
381	1552
404	404
404	1553
404	1554
404	1555
404	1556
404	1167
1553	803
1553	111
1553	306
1553	628
1553	1557
1556	141
1556	144
1556	803
1167	141
1167	803
1167	111
140	140
1197	1197
1197	1369
1197	1043
1197	1128
1197	1558
1197	107
1197	1198
1197	1559
1197	702
1369	702
1369	687
1043	1043
1043	107
1043	1198
1128	107
1128	1198
1128	702
1128	688
1128	793
1128	849
107	1198
107	702
107	1560
107	687
107	587
1198	702
1198	1561
1198	977
1559	617
702	1370
702	1393
702	1560
1370	697
1370	688
1393	719
259	877
259	20
259	1562
877	877
877	142
877	260
985	985
985	986
986	513
986	907
683	697
683	684
683	641
683	707
697	685
697	686
697	1046
697	1563
697	1564
684	684
684	685
684	686
684	641
684	707
684	688
685	641
686	641
686	171
686	688
1565	1565
1565	1334
1565	1566
1567	1567
1567	1568
1567	1569
562	562
562	1570
562	141
562	1571
562	563
562	134
141	141
141	1572
141	1519
141	1573
141	1574
141	787
141	940
141	789
141	1575
1571	344
1571	124
1576	1577
1120	1120
1120	1457
1120	1578
1120	297
1120	1579
1457	676
1578	297
1578	1579
1580	1580
1580	1581
1580	254
944	944
944	388
944	945
944	1582
388	388
388	945
388	409
945	945
945	68
1433	1433
1433	33
1433	793
1433	518
33	406
33	92
33	1351
169	169
169	1583
1583	518
1381	1381
389	389
389	1584
389	1585
1586	1586
655	1587
655	1588
655	1589
655	1590
655	1591
655	142
655	1592
655	1593
655	1594
655	1595
655	854
655	1596
655	1597
655	1598
655	1599
655	752
655	1600
655	1601
655	1602
655	1603
655	1604
1587	142
1587	752
1587	971
1587	1293
1587	787
1587	1605
1588	752
1588	1293
1589	142
1589	752
1589	1293
1589	1606
1589	25
1590	752
1590	1293
1590	1607
1591	142
1591	752
1591	1293
142	142
142	1593
142	1594
142	1595
142	854
142	1596
142	1597
142	1599
142	752
142	1600
142	1601
142	1602
142	1603
142	1608
142	753
142	1609
142	1211
142	34
142	509
142	1293
1592	752
1592	1293
1593	752
1593	1293
1594	752
1594	1293
1594	918
1594	1610
1594	1611
1594	1612
1595	752
1595	1293
854	752
854	1293
854	1484
1596	752
1596	614
1596	358
1596	1293
1596	1606
1597	752
1597	1293
1598	752
1598	1293
1599	752
1599	1293
1599	1606
752	752
752	1600
752	1601
752	1602
752	1603
752	753
752	1609
752	509
752	1296
752	759
752	1606
752	1613
1600	1293
1601	1293
1602	1293
1602	703
1603	1293
753	509
753	67
753	358
753	759
753	8
1609	1293
1211	148
509	509
509	418
509	67
509	358
509	791
509	755
509	758
509	759
509	761
509	1614
509	1610
509	1615
509	8
509	660
509	1616
509	1002
1617	1617
1618	1618
1618	1619
1618	3
1618	1620
1618	1621
1619	1619
418	418
418	67
418	38
418	358
412	412
412	1622
412	1623
412	1624
412	1625
412	1626
412	1627
412	1628
412	1629
412	542
412	1630
412	1631
412	543
412	1632
412	341
412	743
412	1633
412	1634
412	1635
412	1636
412	1637
412	1638
1622	543
1622	341
1624	543
1624	341
1626	543
1626	341
1626	443
1627	543
1627	341
1628	341
1629	341
542	543
542	341
1630	543
1630	341
1631	543
1631	341
543	543
543	1632
543	341
543	1635
543	1636
543	1637
543	1638
543	545
1632	341
341	743
341	1634
341	1635
341	1636
341	1637
341	1639
341	544
341	1640
341	1641
341	735
341	1642
341	545
341	1335
341	546
743	1643
613	613
613	1644
613	521
613	1645
613	1646
613	1647
613	1648
613	1371
613	1104
613	35
613	1372
613	1649
613	1650
613	1651
613	1373
613	1652
613	36
613	1653
613	1654
613	1655
613	1374
613	216
521	521
521	1371
521	1372
521	1649
521	1373
521	36
521	1653
521	1656
521	1657
521	1375
521	565
521	1658
521	1376
521	143
521	1659
1645	614
1646	1344
1646	614
1647	614
1648	614
1371	1344
1371	614
1371	1660
1104	1344
1104	614
1104	1660
35	39
35	300
35	1661
35	1458
35	226
35	771
35	1124
35	42
35	44
35	46
35	394
35	1662
35	523
35	283
35	510
35	1561
35	1014
35	1663
35	1664
35	1665
35	1015
35	1666
35	1667
35	455
35	1668
35	842
35	1669
35	269
35	1670
35	554
35	1671
35	1016
35	1620
35	690
35	1168
35	1672
35	824
35	157
35	1264
1372	614
1649	1344
1649	614
1651	1293
1373	1344
1373	614
1652	614
1652	1660
36	1344
36	1660
36	9
1653	699
1654	610
1655	614
1374	614
1656	614
1375	1344
1375	614
1375	1660
565	614
1658	1056
1658	353
1658	523
1376	614
1376	1660
143	143
143	1673
1659	614
1344	1674
1674	614
614	1675
614	1676
614	1677
614	1678
614	67
614	1679
614	1680
67	67
67	997
67	358
67	50
67	754
67	757
67	1681
67	1682
67	1614
67	1610
67	8
67	1002
67	147
67	62
67	815
67	955
67	1683
735	721
735	658
735	1336
735	845
735	1338
735	1684
735	680
413	413
413	997
413	1685
413	725
413	390
413	352
997	22
997	308
1685	1685
1685	624
725	725
725	38
725	624
725	302
725	120
725	744
725	793
725	9
725	178
725	69
725	156
725	111
725	119
725	295
725	308
725	1686
725	185
725	401
390	390
390	1206
390	1066
390	1207
390	1687
390	1688
390	144
390	547
390	1689
390	382
390	460
390	1690
390	1691
1206	254
1206	352
1066	840
1066	24
1066	1015
1066	455
1066	774
1207	3
1207	524
1207	1692
1687	144
1687	1208
144	144
144	1493
144	1693
144	1060
144	1694
144	1312
144	1458
144	1695
144	1018
144	794
144	1170
144	1696
144	1697
547	460
547	254
547	351
547	160
547	1698
1689	558
1689	1699
382	1208
382	1014
382	1425
382	1429
382	828
382	795
382	783
382	1700
382	1701
460	1702
460	558
1690	517
1691	50
1691	955
1703	1703
1704	1704
1705	1705
462	462
721	721
721	849
641	641
641	688
1013	1013
1013	1706
1532	1532
131	131
131	357
131	958
131	1707
131	1708
131	1496
355	355
355	357
355	1709
355	958
355	1496
355	849
355	306
355	73
357	958
357	1707
1709	958
958	1707
958	1710
958	791
958	228
958	157
958	284
958	557
958	1315
958	1711
958	828
958	1712
958	1713
958	1179
958	1003
958	1714
958	1715
1707	1707
1707	1708
1707	24
1707	1716
1492	146
1495	1661
1495	1496
1495	146
1717	1717
1717	1718
1718	24
1718	293
216	216
216	1123
1123	563
1719	1719
1719	1720
391	391
391	1721
391	1722
391	1723
391	1724
391	918
1723	921
727	1229
727	160
1229	220
392	1100
392	1725
1100	1100
1100	1212
1100	1213
1100	1101
1100	1215
1100	1216
1100	1217
1100	1218
1100	1219
37	37
37	1726
37	43
37	1020
563	563
563	607
563	134
563	987
563	1727
606	68
606	609
607	134
607	1728
778	778
778	1729
778	855
855	292
855	456
855	111
855	663
855	295
855	1166
855	72
855	524
855	296
855	903
1660	1660
1660	1730
1660	1731
1660	1732
1660	1733
1660	1734
1732	1732
1732	1733
1732	1734
1710	1710
1734	1734
802	802
802	1735
802	1736
802	1737
802	1738
802	1739
1735	1739
1736	1739
1737	1739
1738	1739
1739	1739
1740	1740
1740	549
1740	1693
1740	484
549	564
1693	1741
1693	678
1693	974
1693	133
1281	1281
1281	1742
1281	78
1281	1743
1281	1744
1281	89
78	1282
78	1283
78	1286
78	783
78	518
78	1745
1743	1743
1743	1744
1743	1746
1743	1747
89	91
89	13
89	92
89	296
89	525
935	935
935	1748
935	1749
935	1750
1751	1751
1751	1752
1081	1081
1081	1076
1091	1091
1091	1753
1091	1754
1076	1076
132	550
550	146
550	1358
1755	1755
1755	1756
424	405
424	420
424	421
424	422
424	9
424	111
424	397
1058	805
280	44
280	306
1059	443
1059	1757
1060	805
1060	20
878	805
878	1758
1759	1759
677	677
677	1760
1760	229
1572	1572
1572	1761
1572	1354
1572	1762
1572	1763
1572	698
1572	1764
1572	1765
1354	1354
1354	1762
1354	1763
1354	1764
1762	698
1763	698
698	698
698	1764
698	1766
698	1474
1764	1767
38	38
1768	1768
398	398
398	229
398	590
369	369
1769	1769
217	217
217	779
217	780
217	1163
217	781
779	383
1770	1771
1770	1772
1770	1773
1770	1774
1770	1775
1770	1776
1770	1777
959	960
959	966
959	971
959	405
960	960
960	962
960	963
960	964
960	966
960	967
960	971
960	980
960	1778
960	405
961	966
961	405
961	420
962	966
962	971
962	405
963	966
963	971
963	405
963	420
963	421
964	971
964	405
965	966
965	971
965	405
965	420
966	967
966	968
966	879
966	971
966	405
966	420
966	1779
966	20
966	837
966	1780
966	1781
967	971
967	405
967	20
879	971
879	396
971	971
971	980
971	405
971	420
971	1779
971	552
1741	1741
1741	11
1741	12
1741	50
1741	1782
1741	815
1741	837
1741	955
1741	1783
11	11
11	12
11	1150
12	12
12	1784
12	383
414	414
414	1785
980	657
122	122
122	827
122	269
624	793
624	626
624	455
624	843
624	60
624	1106
624	795
624	1786
880	880
393	393
393	551
393	1787
393	1133
393	158
551	204
551	558
551	1358
551	586
551	1788
551	1454
719	719
719	1378
719	1564
719	1789
1378	687
1378	688
1046	687
1046	688
1046	69
687	1790
90	99
91	1483
91	793
91	1083
91	728
91	1382
91	1791
91	834
91	835
91	1384
91	1318
91	1385
91	1386
91	1389
91	1390
91	893
13	13
13	1027
13	1028
13	92
13	1792
13	1793
39	1662
438	558
1080	1080
300	300
300	1794
300	170
300	451
300	1795
300	1796
300	1797
300	524
300	1798
170	972
170	176
170	510
170	764
170	456
170	1186
170	159
170	1799
170	1800
451	1661
451	1040
1661	1661
1661	1801
1661	1040
617	617
617	678
617	241
617	1802
678	678
678	1183
678	850
678	255
241	1056
342	342
1803	1803
68	68
68	1259
68	1804
68	50
68	815
68	979
68	955
68	350
68	610
68	160
1259	789
343	343
251	1535
251	558
251	1805
251	1806
251	1336
251	601
251	1807
251	1808
301	484
301	1809
301	510
301	1168
301	1018
1533	171
302	1810
302	1811
302	554
302	828
302	1185
302	206
302	795
302	1812
302	183
171	171
171	346
171	1813
171	1782
171	600
171	1814
171	1815
171	582
1458	175
1458	176
1458	456
1458	1146
1458	308
1458	186
419	419
419	405
419	1816
419	1459
419	1817
419	937
419	1818
405	405
405	172
405	882
405	1483
405	40
405	420
405	421
405	422
405	484
405	9
405	229
405	111
405	397
1817	1697
172	172
172	1819
172	281
172	1015
172	455
172	53
172	1425
172	1429
172	1185
172	1297
172	206
172	1820
172	1821
172	1700
172	1822
172	185
1819	803
281	689
281	396
281	883
281	111
281	1823
281	1481
281	1351
3	3
3	1810
3	972
3	998
3	840
3	177
1810	109
1810	9
1810	20
1810	111
972	1824
972	229
972	306
972	295
972	1069
972	297
972	1825
972	160
998	1129
840	974
840	229
840	111
840	119
840	308
942	218
1826	1826
1826	1827
1826	1828
1827	148
1828	1828
1829	1829
1830	1830
108	108
108	358
108	807
358	358
358	754
358	1681
358	1682
358	453
358	1831
358	1832
358	1614
358	1610
358	1002
358	147
109	109
109	1164
109	53
109	1466
109	828
109	1363
109	1392
109	795
109	1166
109	296
109	1823
807	807
841	841
841	1833
841	294
1833	1834
1833	1144
1833	254
1835	1835
1836	1836
1496	1496
1496	46
1496	793
1496	1837
1496	824
1496	1838
1496	1317
1496	1839
1496	1840
1496	1683
1496	1841
1496	1842
1496	1843
1496	1844
1496	1845
1496	825
1496	1846
1496	1847
1848	1848
1092	179
1208	1208
1208	791
791	791
225	1212
225	1213
225	1214
225	1221
225	1222
225	226
1212	4
1212	6
1212	1101
1213	4
1213	5
1213	6
1213	1101
1213	1849
1214	5
1214	1101
1214	1849
1221	1101
1221	1850
1221	399
4	4
4	1295
4	5
4	6
4	1851
4	973
4	1852
4	1518
4	1849
4	524
4	1323
1295	5
1295	6
5	6
5	1851
5	1518
5	1296
5	1853
5	1323
6	6
6	1851
6	973
6	1518
6	1296
6	1854
1851	1850
973	1323
1296	8
1296	1849
1296	1323
1853	44
1853	1002
1853	160
1101	1101
1101	1215
1101	1216
1460	1146
915	918
917	918
1027	255
24	24
24	699
24	1126
24	1855
24	1856
24	255
406	1857
406	1858
406	1859
1858	1860
1859	1860
218	1861
218	1272
218	1105
218	1313
1105	220
882	420
882	422
882	1003
882	111
882	294
882	397
1483	397
40	420
40	421
40	422
40	1487
40	397
40	22
420	420
420	1482
420	1779
420	421
420	422
420	1862
420	205
420	206
420	111
420	397
420	628
420	1823
420	184
1482	397
1779	445
421	421
226	1498
226	25
1863	1863
422	1864
422	111
422	397
422	628
1864	1865
1862	1862
1862	1866
1862	1867
1862	1868
1862	1869
344	344
344	515
515	124
974	974
1753	1753
1753	1870
1753	1754
552	657
365	365
365	308
365	1069
484	484
484	1871
484	771
484	1872
484	1873
484	1874
484	1875
771	626
771	1876
771	426
771	1877
771	1063
771	350
771	295
771	308
771	524
771	1878
1872	1040
720	720
720	1879
720	252
720	286
720	1880
720	1411
720	1806
720	1881
720	1297
720	1882
720	1883
720	1884
1673	146
1282	1283
1282	979
1282	1885
1282	1886
1283	1284
1283	1286
1283	904
1124	1887
1124	628
1124	160
1125	1240
1125	220
485	485
485	1888
485	1889
485	1890
485	1891
485	1892
1888	1888
1888	1889
1888	1891
1519	1747
1574	1574
1574	627
1893	1893
1893	1894
1893	1895
345	345
407	407
984	1367
772	772
918	918
918	1896
918	1897
919	827
919	269
919	1898
919	1899
919	1900
133	133
133	657
133	41
133	1879
657	235
657	187
1879	254
472	472
472	20
472	293
472	1004
472	295
42	120
43	1901
43	1902
44	1832
44	1484
44	208
44	1901
44	1903
44	1885
45	252
46	1662
50	1834
50	70
50	1904
50	229
50	782
50	838
50	71
50	72
50	1905
50	73
50	818
50	784
50	1906
1240	1240
1240	1543
1240	1907
1240	1908
1240	120
1240	1909
1240	177
1907	269
120	1484
120	775
120	1910
787	787
787	20
787	1747
1911	1911
1911	1912
1913	1913
1913	1914
1913	1915
1914	1916
1915	9
1915	1916
707	707
707	688
688	1563
688	708
1917	1917
940	940
940	252
940	1918
940	270
940	1919
940	1920
940	371
940	883
940	1921
940	180
940	1922
940	1923
940	400
252	252
252	1918
252	270
252	1919
252	1920
252	510
252	284
252	1924
252	400
252	1925
270	1920
270	815
270	235
1919	20
1920	857
1056	1056
1056	1926
1056	1927
1056	1928
1056	1929
1056	523
792	792
792	1930
260	260
353	1931
253	253
253	1932
754	1610
754	8
756	759
756	187
759	760
759	761
759	8
759	691
760	763
762	8
1606	156
1933	1933
1933	1934
522	522
522	1935
522	1936
522	1937
522	1938
522	1939
522	20
522	70
366	1940
134	134
134	599
134	255
134	518
599	556
599	350
1941	1941
1941	626
711	626
711	229
658	555
658	1942
658	1943
659	156
659	663
659	1005
92	92
92	1944
699	699
699	1945
699	1946
1126	557
1681	1610
1682	1610
1682	1002
1832	1610
1614	1610
1614	8
1610	1615
1610	8
8	1765
1765	1837
1765	1947
1765	1758
1765	1948
1765	990
660	160
51	51
51	1949
803	803
803	1950
861	1951
861	999
999	119
1001	73
1325	1952
868	868
868	1953
868	1954
868	1955
868	1956
1955	513
1834	1834
1834	25
744	206
1957	1957
1958	1958
1958	1959
1960	1960
1960	1961
1129	1129
1129	1962
1963	1963
1963	689
1963	110
1963	1173
1963	156
689	110
689	1173
689	156
689	859
689	1964
110	1400
110	510
110	1173
110	837
110	886
110	156
110	859
110	1965
110	1966
110	1878
793	793
793	1967
793	1968
793	1809
793	1969
793	1970
793	1971
793	1972
793	1973
793	1974
793	1837
793	20
793	1401
793	306
793	181
793	184
793	1040
793	25
1972	1972
1837	937
1975	1975
856	856
856	282
282	21
1002	1002
1002	1976
303	303
303	1977
303	1978
1979	1979
1979	111
1980	1980
1980	976
976	1485
116	116
1981	1981
145	145
849	849
849	1982
849	1983
849	1984
849	1985
849	1986
849	1987
849	1988
849	1989
849	173
849	553
849	764
849	661
849	293
849	907
849	818
1985	229
1989	294
1989	295
1989	383
173	173
173	1990
1991	1991
1992	1992
9	9
9	1993
9	396
9	409
9	628
9	158
174	1544
174	1994
174	1995
174	1996
1544	175
1544	293
1544	957
1994	176
1994	119
1994	308
1995	175
175	175
175	176
175	1997
176	176
176	20
176	292
176	524
1998	1998
1998	1999
1999	1999
2000	2000
2000	1007
2001	2001
2001	2002
2001	2003
1916	1916
1916	2004
1916	2005
1916	2006
177	177
177	1400
1400	1400
219	219
219	511
146	626
146	178
626	178
626	1264
626	837
626	1491
626	2007
626	2008
626	2009
626	1367
626	1921
626	456
626	661
626	2010
626	1697
178	1019
178	852
178	2011
178	2012
147	147
2013	2013
2013	858
486	486
486	2014
486	2015
486	2016
2016	158
1234	1234
443	443
443	2017
443	517
443	2018
443	2019
443	2020
443	1921
2017	517
517	517
517	2018
517	2019
517	206
517	663
517	2021
517	1108
517	511
2018	2019
220	220
117	117
117	1014
117	691
117	2007
117	1297
1150	2022
394	394
1757	1757
1757	2023
2024	2024
2025	2025
2025	156
2026	2026
2027	2027
2028	2028
1102	1102
804	804
2029	2029
2029	2030
2031	2031
1294	1294
1662	1662
408	408
2032	2032
395	395
2033	2033
523	523
523	346
523	347
523	679
1811	1811
1501	1501
1501	1484
1501	54
1501	2034
1501	2035
1501	2036
1501	2037
52	52
1727	308
1865	1865
805	805
1952	1952
1952	367
367	367
2038	2038
2039	2039
1850	1850
2040	2040
832	832
1782	628
1782	1557
69	69
69	228
69	815
69	1315
69	456
69	1384
69	1107
2041	2041
2041	2042
227	227
227	306
595	518
1329	1329
1329	20
1329	1561
1329	1664
1329	157
1329	286
20	283
20	827
20	510
20	554
20	1484
20	284
20	53
20	290
20	794
20	118
20	62
20	1428
20	884
20	837
20	774
20	955
20	1170
20	896
20	2043
20	2044
20	2045
20	783
20	1821
20	2011
20	2046
20	2047
20	1786
20	2048
20	2049
20	2050
20	904
20	119
20	2051
20	2052
20	2053
20	294
20	2054
20	2055
283	283
2056	2056
1061	1061
2057	2057
2058	2058
228	228
228	119
228	308
304	304
2059	2059
148	148
148	2060
148	2061
148	2062
148	2063
2063	2064
1334	1334
1334	2065
1334	2066
2067	2067
2068	2068
2069	2069
2070	2070
2071	2071
1566	1566
1643	1643
2072	2072
2073	2073
2073	937
2074	2074
2075	2075
2076	2076
454	827
454	1083
827	1728
827	293
827	350
827	307
827	524
827	296
827	185
827	186
827	25
1083	456
1083	440
1083	185
510	399
510	1089
510	307
510	184
510	2077
1561	2078
1561	839
1014	269
1014	179
1014	1877
1014	585
1014	2079
1014	715
1664	789
1015	99
1015	662
1015	229
1015	2080
1015	308
1015	586
1015	185
1666	187
1667	764
455	1018
455	1144
455	2081
455	1316
455	71
455	1089
455	2082
455	440
455	2083
455	1191
455	185
455	186
842	2081
842	308
842	789
842	903
269	1144
269	292
269	2084
269	1235
554	1144
554	426
554	156
554	295
554	308
554	2082
554	351
554	524
1671	254
1016	399
1016	295
1620	1084
1620	1067
1620	2081
1620	890
1620	440
1620	903
1620	186
690	518
690	160
1168	513
1168	2085
1168	186
824	22
824	524
157	2086
157	156
157	306
157	585
1264	1876
1264	1144
1264	426
1264	1877
1264	1063
1264	350
1264	308
1264	1878
2087	2088
1143	501
1143	306
501	1089
501	2089
1824	1401
1824	1484
1824	2090
1824	600
1401	1403
1401	156
1401	859
1401	1406
1484	305
1484	1947
1484	156
1484	2091
1484	859
1484	890
1484	21
1484	628
1484	525
1484	2092
2090	1040
600	556
600	1452
1876	2093
1876	1410
1876	1273
1876	691
1410	2094
1273	396
1273	1849
1273	292
1273	1491
1273	229
1273	2094
691	1173
691	1758
691	229
691	2095
691	111
691	2094
691	1452
691	351
691	1474
691	1860
284	156
284	119
284	159
284	25
286	1487
286	229
286	444
286	119
286	294
286	789
53	292
53	70
53	307
53	308
53	524
53	525
288	230
289	111
290	306
291	111
291	2078
291	296
291	104
99	2096
1403	229
1404	1406
1405	564
566	2097
566	1557
566	1323
728	305
728	1947
728	156
728	25
814	409
1086	118
1086	1884
1461	156
1314	396
1463	156
1018	156
1018	2098
1018	255
1018	795
1018	295
1018	308
1018	903
843	229
843	307
371	308
371	2099
371	372
371	903
1465	254
1466	308
1466	185
794	764
794	308
396	1849
396	884
396	1921
396	1127
396	2100
396	2101
396	2102
396	1383
396	2103
396	2104
396	890
396	1942
204	556
204	518
204	351
204	160
555	886
555	156
555	2105
555	440
555	2078
555	2106
555	921
555	160
1470	1121
2107	1838
2107	2108
2107	1849
2107	2109
2108	886
2108	295
1849	456
1849	1297
1849	775
1849	2110
1849	2111
1849	2112
1849	2113
2109	1179
2109	1186
2109	2114
2109	2115
2086	498
2086	2116
2117	118
118	2118
118	1315
118	2119
118	2120
118	2121
556	1336
556	601
556	2122
556	1339
58	1316
58	119
58	306
58	22
58	564
58	2079
58	1823
60	184
61	445
62	229
62	294
62	628
62	1166
62	184
409	773
773	764
773	73
773	903
1173	2118
1173	815
1173	859
815	70
815	782
815	71
815	1166
815	72
815	715
815	784
815	1906
1184	661
1184	1758
1184	2123
1184	2124
1184	663
1184	1964
1425	156
1425	255
1425	111
1425	307
1425	628
1425	524
1019	305
1019	156
1019	255
1019	411
1019	1147
1019	308
1019	519
1019	1191
1019	187
1428	1179
1428	305
1428	156
1428	2091
1428	295
1428	525
1429	524
1429	185
567	111
557	1144
557	305
557	1186
557	1924
557	2125
557	119
557	518
557	308
557	622
1315	456
1315	156
1315	308
828	1144
828	456
828	439
828	72
828	524
828	519
828	1191
1179	2126
1179	774
1179	156
1179	2127
1179	308
1179	513
1179	524
1179	789
1003	884
1003	2128
1003	513
1003	383
764	2129
764	2130
764	1702
764	2131
764	311
764	350
764	518
2129	1089
1702	156
1702	1964
1702	308
1702	585
1702	159
1702	1103
1702	903
292	883
292	884
292	885
292	837
292	1795
292	2132
292	886
292	2133
883	2097
883	1947
883	111
883	663
883	180
883	2030
883	293
883	294
883	524
883	296
883	158
884	294
884	306
884	2105
884	295
884	296
837	229
837	111
837	1797
837	783
837	119
837	628
837	72
837	903
1795	111
886	1382
886	2134
886	2135
886	2136
886	111
886	783
886	295
886	22
886	628
774	1487
774	445
774	1825
774	839
774	1191
774	25
858	1181
858	2137
2137	180
1491	1487
1491	1106
1491	2138
1487	1921
1487	2097
1487	2138
1487	2139
1106	2140
1106	2141
1106	586
1520	2142
2143	2144
1316	1382
1382	2145
1382	2082
558	254
558	1146
558	1453
558	297
558	903
2128	205
2128	1714
205	513
1714	2146
2007	305
2007	1947
2007	295
2007	351
2007	25
1367	667
1367	2147
1921	305
1921	229
1921	2148
1921	937
1921	1004
1921	306
1921	1964
1921	2105
1921	1696
1921	230
1921	160
1921	525
1921	25
456	1170
456	833
456	1887
456	2120
456	307
456	1166
456	2149
456	2150
456	903
456	784
100	101
100	2082
100	788
101	102
101	1317
101	2151
101	2152
101	255
101	788
852	111
852	308
305	2097
305	1947
2097	1947
2097	2153
2097	1004
2097	1497
2097	2105
2097	2154
2097	518
2097	2155
2097	2099
2097	2156
2097	2157
2097	2158
2097	1204
2097	1191
1947	1020
1947	2030
1947	2153
1947	1004
1947	306
1947	2105
1947	2154
1947	518
1947	2157
1947	1191
1758	2159
1758	1699
1699	2023
1699	185
1361	789
2145	2160
70	2161
70	2162
70	2163
70	955
955	1904
955	782
955	71
955	1166
955	72
955	73
955	818
156	2164
156	2091
156	2165
156	2166
156	859
156	1791
156	2167
156	956
156	1185
156	1020
156	1170
156	2168
156	2169
156	1805
156	1127
2091	2170
859	1406
859	1966
1185	957
1020	783
1170	119
1170	628
1170	160
1170	185
1170	187
1127	295
1127	187
890	2171
1942	680
179	2172
179	457
179	1904
179	2173
179	2174
179	2175
2172	1904
457	1904
1904	2173
1904	2174
1904	2175
1904	2176
1904	839
254	2177
254	2178
254	2179
1411	306
1806	229
1806	295
1806	788
1806	2180
1881	2181
1881	383
1297	229
1297	1877
1297	2182
1297	2079
1884	2183
662	229
229	1783
229	1121
229	1453
229	2184
229	2185
229	1064
229	2186
229	2187
229	2188
1068	2098
1068	519
1068	676
1541	586
835	308
1887	235
235	119
235	22
235	308
235	72
235	524
235	185
1815	1924
582	1839
1317	524
410	2189
410	891
2190	2191
2190	2192
2190	2193
2191	628
2192	628
2095	977
2095	2194
2095	2195
2095	119
977	903
2194	255
1715	2181
2140	1548
206	111
206	294
206	306
206	397
206	628
206	1540
206	2196
1384	518
1384	519
1107	308
1728	1192
1728	2197
1192	294
1192	845
1192	609
1192	2198
850	610
850	1823
1318	399
1386	627
1387	72
1389	159
1389	185
1389	104
1390	351
1336	350
1336	1005
1336	351
1336	352
937	2199
937	2200
2123	2124
2123	2201
2124	1964
2124	610
2124	1800
1021	1823
844	308
1186	111
444	782
444	2202
782	627
782	308
255	2122
1877	2203
559	564
561	585
111	2204
111	1820
111	2205
111	2206
111	816
111	2207
111	892
111	1796
2205	440
2205	185
2205	1698
892	628
663	664
663	2208
663	1005
664	1005
2208	1005
180	2209
180	2210
1319	308
1320	519
1321	2211
1322	2212
1253	1840
1253	2213
2030	2214
1169	2215
1169	2021
2215	1103
2215	2216
399	2217
399	2218
2218	184
795	628
795	308
795	903
896	293
896	295
896	440
896	445
838	22
439	2219
293	1260
293	2220
293	2221
1260	119
210	119
210	2078
210	2222
2023	2223
2023	2224
21	796
21	2225
2225	783
2044	350
2044	610
783	775
783	2226
783	2227
783	2228
119	1257
119	1359
119	2229
119	2230
119	2231
119	1812
119	2232
119	2233
119	183
2051	440
2053	524
2053	2212
294	71
294	775
294	295
294	2110
627	2234
627	2235
627	2012
2234	1146
2012	1767
1004	2236
1004	306
1004	2237
1004	2238
306	1357
306	2239
306	2240
306	2241
306	2242
306	2243
306	2244
306	2245
350	1337
350	601
350	2246
350	845
601	610
601	1435
845	668
845	628
845	351
845	352
845	680
845	1860
1406	1108
1137	2212
71	2247
667	2248
2105	1357
1357	2180
1412	72
307	1700
307	775
307	2249
1700	524
775	1108
775	939
775	72
775	297
775	158
775	2250
1133	2251
1133	2252
2251	2170
668	1338
1108	2253
518	2254
518	2255
518	2256
518	295
518	2257
2254	1697
295	1486
295	2258
295	513
295	445
295	2259
295	1190
295	2260
692	513
692	1481
22	2261
1146	2262
1146	1109
1146	2263
1146	2141
1146	73
1109	352
1109	903
583	2264
628	2265
628	1910
628	2266
628	2267
628	2268
628	2122
2122	351
2122	352
2176	2269
2176	2270
1189	2271
817	907
817	818
2272	2182
2272	2273
2182	2274
1005	2275
1005	2276
1178	680
610	1339
1339	383
2127	2114
1530	308
308	2277
308	2278
308	2279
308	2280
308	2281
308	2282
308	2283
585	2284
585	2285
585	2286
590	2287
586	2288
586	2289
586	1103
1486	525
1486	903
1783	1453
1780	2290
1121	2291
440	2170
440	1110
2170	2260
2078	2258
2258	2292
1235	2293
1235	351
1235	715
1696	2294
2230	25
1812	297
183	2295
1166	2064
351	2296
351	2297
513	1922
513	2298
383	2299
352	2300
352	2301
2300	160
1905	73
1540	2302
445	2303
400	2304
400	1925
2304	2260
159	1799
159	2305
2106	230
2106	2306
230	2307
1747	2308
524	2309
524	2310
524	296
2311	297
2311	1697
297	2312
1557	1841
2313	2314
1209	160
2315	2316
2315	2317
2083	2318
763	2319
763	2320
763	2321
957	2322
957	2323
2239	2324
907	2325
1823	2326
73	2327
990	2328
2022	2329
2022	2330
587	2331
587	2332
158	2333
1481	2334
1481	2335
2089	2336
160	2337
160	2338
1040	2339
1040	2340
715	2341
1136	2342
185	2343
185	2344
2344	187
1454	2345
1454	2346
2347	2348
903	2349
2222	2350
25	2351
25	2352
25	2353
2324	2354
2324	2355
187	2356
2092	2357
2358	2359
1351	2360
